0 0.07572115384615384 0.18870192307692307 0.04567307692307692 0.13221153846153846
0 0.11057692307692307 0.17067307692307693 0.028846153846153848 0.16826923076923078
11 0.29447115384615385 0.1935096153846154 0.021634615384615384 0.15144230769230768
11 0.31490384615384615 0.18990384615384615 0.021634615384615384 0.15144230769230768
15 0.4855769230769231 0.18389423076923078 0.026442307692307692 0.14182692307692307
15 0.5072115384615384 0.18269230769230768 0.02403846153846154 0.14182692307692307
16 0.6754807692307693 0.19831730769230768 0.028846153846153848 0.11538461538461539
16 0.7007211538461539 0.19591346153846154 0.028846153846153848 0.11538461538461539
17 0.8810096153846154 0.18629807692307693 0.026442307692307692 0.1201923076923077
17 0.9050480769230769 0.18629807692307693 0.026442307692307692 0.1201923076923077
18 0.0733173076923077 0.4675480769230769 0.038461538461538464 0.07932692307692307
18 0.1045673076923077 0.45552884615384615 0.02403846153846154 0.10576923076923077
19 0.21394230769230768 0.4483173076923077 0.021634615384615384 0.10096153846153846
19 0.23677884615384615 0.4495192307692308 0.021634615384615384 0.10096153846153846
20 0.35336538461538464 0.44471153846153844 0.02403846153846154 0.08653846153846154
20 0.37740384615384615 0.44591346153846156 0.02403846153846154 0.08653846153846154
21 0.4807692307692308 0.44350961538461536 0.02403846153846154 0.10336538461538461
21 0.5180288461538461 0.45552884615384615 0.04326923076923077 0.07451923076923077
1 0.6274038461538461 0.44471153846153844 0.021634615384615384 0.09375
1 0.6466346153846154 0.44591346153846156 0.021634615384615384 0.09375
2 0.7632211538461539 0.4483173076923077 0.019230769230769232 0.09615384615384616
2 0.7872596153846154 0.44711538461538464 0.019230769230769232 0.09375
3 0.8954326923076923 0.44471153846153844 0.03125 0.07692307692307693
3 0.9254807692307693 0.4375 0.03125 0.07932692307692307
4 0.06490384615384616 0.6670673076923077 0.021634615384615384 0.07932692307692307
4 0.08774038461538461 0.6658653846153846 0.021634615384615384 0.07932692307692307
5 0.21153846153846154 0.6730769230769231 0.02403846153846154 0.07692307692307693
5 0.23317307692307693 0.671875 0.02403846153846154 0.07692307692307693
6 0.3485576923076923 0.6754807692307693 0.019230769230769232 0.09134615384615384
6 0.36899038461538464 0.6766826923076923 0.019230769230769232 0.09134615384615384
7 0.6225961538461539 0.6610576923076923 0.02403846153846154 0.07932692307692307
7 0.6490384615384616 0.6586538461538461 0.02403846153846154 0.07932692307692307
8 0.7680288461538461 0.6682692307692307 0.016826923076923076 0.08653846153846154
8 0.7872596153846154 0.6670673076923077 0.016826923076923076 0.08653846153846154
9 0.8942307692307693 0.6646634615384616 0.019230769230769232 0.07932692307692307
9 0.9134615384615384 0.6682692307692307 0.019230769230769232 0.07932692307692307
10 0.06610576923076923 0.8629807692307693 0.026442307692307692 0.06490384615384616
10 0.0889423076923077 0.8605769230769231 0.02403846153846154 0.06490384615384616
12 0.21514423076923078 0.8617788461538461 0.02403846153846154 0.055288461538461536
12 0.23317307692307693 0.8641826923076923 0.02403846153846154 0.055288461538461536
13 0.41947115384615385 0.8533653846153846 0.028846153846153848 0.06490384615384616
13 0.44471153846153844 0.8533653846153846 0.026442307692307692 0.06490384615384616
14 0.5564903846153846 0.8569711538461539 0.019230769230769232 0.06490384615384616
14 0.5757211538461539 0.8545673076923077 0.019230769230769232 0.06490384615384616
22 0.7644230769230769 0.8641826923076923 0.026442307692307692 0.10576923076923077
22 0.7908653846153846 0.8641826923076923 0.026442307692307692 0.10576923076923077