0 0.0985576923076923 0.18389423076923078 0.03125 0.16346153846153846
0 0.13581730769230768 0.18269230769230768 0.03125 0.16346153846153846
11 0.2932692307692308 0.17427884615384615 0.038461538461538464 0.13701923076923078
11 0.33533653846153844 0.17427884615384615 0.038461538461538464 0.13701923076923078
15 0.484375 0.18870192307692307 0.04807692307692308 0.11778846153846154
15 0.53125 0.1875 0.04807692307692308 0.11778846153846154
16 0.6766826923076923 0.18870192307692307 0.036057692307692304 0.12980769230769232
16 0.7127403846153846 0.18870192307692307 0.036057692307692304 0.12980769230769232
17 0.8701923076923077 0.18870192307692307 0.038461538461538464 0.12259615384615384
17 0.9098557692307693 0.18870192307692307 0.038461538461538464 0.12259615384615384
18 0.06490384615384616 0.45072115384615385 0.036057692307692304 0.11778846153846154
18 0.09975961538461539 0.45072115384615385 0.03365384615384615 0.11778846153846154
19 0.20192307692307693 0.44591346153846156 0.03125 0.11057692307692307
19 0.2403846153846154 0.44591346153846156 0.03125 0.11057692307692307
20 0.3449519230769231 0.45072115384615385 0.028846153846153848 0.09375
20 0.3737980769230769 0.4495192307692308 0.03125 0.0985576923076923
21 0.4855769230769231 0.44471153846153844 0.028846153846153848 0.10096153846153846
21 0.5144230769230769 0.4423076923076923 0.028846153846153848 0.10096153846153846
1 0.625 0.4423076923076923 0.03125 0.09615384615384616
1 0.6574519230769231 0.43990384615384615 0.03125 0.09615384615384616
2 0.7620192307692307 0.4543269230769231 0.040865384615384616 0.07932692307692307
2 0.7992788461538461 0.44471153846153844 0.036057692307692304 0.10096153846153846
3 0.9038461538461539 0.4483173076923077 0.026442307692307692 0.09134615384615384
3 0.9314903846153846 0.4483173076923077 0.026442307692307692 0.09134615384615384
4 0.06490384615384616 0.6634615384615384 0.03365384615384615 0.07211538461538461
4 0.0985576923076923 0.6622596153846154 0.03365384615384615 0.06971153846153846
5 0.21153846153846154 0.6634615384615384 0.03125 0.07932692307692307
5 0.24278846153846154 0.6634615384615384 0.03125 0.07932692307692307
6 0.3449519230769231 0.6670673076923077 0.028846153846153848 0.07692307692307693
6 0.37259615384615385 0.6682692307692307 0.028846153846153848 0.07692307692307693
7 0.6274038461538461 0.6610576923076923 0.026442307692307692 0.08413461538461539
7 0.6610576923076923 0.6610576923076923 0.026442307692307692 0.08413461538461539
8 0.7560096153846154 0.6634615384615384 0.038461538461538464 0.08173076923076923
8 0.7944711538461539 0.6634615384615384 0.038461538461538464 0.08173076923076923
9 0.9014423076923077 0.65625 0.026442307692307692 0.06971153846153846
9 0.9362980769230769 0.65625 0.026442307692307692 0.06971153846153846
10 0.06490384615384616 0.8581730769230769 0.03125 0.06971153846153846
10 0.09495192307692307 0.8605769230769231 0.03125 0.06971153846153846
12 0.23677884615384615 0.8605769230769231 0.036057692307692304 0.06009615384615385
12 0.20432692307692307 0.8605769230769231 0.036057692307692304 0.06009615384615385
13 0.4050480769230769 0.8629807692307693 0.038461538461538464 0.06490384615384616
13 0.44471153846153844 0.8605769230769231 0.038461538461538464 0.06490384615384616
14 0.5564903846153846 0.8653846153846154 0.03365384615384615 0.055288461538461536
14 0.5925480769230769 0.8653846153846154 0.03365384615384615 0.055288461538461536
22 0.7704326923076923 0.8701923076923077 0.036057692307692304 0.10817307692307693
23 0.90625 0.8581730769230769 0.03365384615384615 0.06971153846153846