0 0.08413461538461539 0.18269230769230768 0.052884615384615384 0.13701923076923078
0 0.1310096153846154 0.18269230769230768 0.03365384615384615 0.13701923076923078
11 0.28725961538461536 0.1814903846153846 0.014423076923076924 0.15625
11 0.3125 0.18870192307692307 0.028846153846153848 0.1466346153846154
15 0.49278846153846156 0.18389423076923078 0.021634615384615384 0.11298076923076923
15 0.5144230769230769 0.18269230769230768 0.02403846153846154 0.11778846153846154
16 0.6802884615384616 0.19591346153846154 0.02403846153846154 0.10576923076923077
16 0.7043269230769231 0.19591346153846154 0.026442307692307692 0.10576923076923077
17 0.8858173076923077 0.19951923076923078 0.02403846153846154 0.10576923076923077
17 0.9110576923076923 0.19831730769230768 0.026442307692307692 0.11057692307692307
18 0.07211538461538461 0.4495192307692308 0.021634615384615384 0.10576923076923077
18 0.10096153846153846 0.4579326923076923 0.036057692307692304 0.07932692307692307
19 0.2127403846153846 0.44711538461538464 0.040865384615384616 0.08173076923076923
19 0.2403846153846154 0.4387019230769231 0.028846153846153848 0.10096153846153846
20 0.3449519230769231 0.44471153846153844 0.019230769230769232 0.08413461538461539
20 0.36899038461538464 0.4519230769230769 0.02403846153846154 0.07692307692307693
21 0.4879807692307692 0.44471153846153844 0.019230769230769232 0.07932692307692307
21 0.5072115384615384 0.4411057692307692 0.019230769230769232 0.07932692307692307
1 0.6310096153846154 0.4483173076923077 0.019230769230769232 0.07932692307692307
1 0.6490384615384616 0.45072115384615385 0.016826923076923076 0.07932692307692307
2 0.7668269230769231 0.4387019230769231 0.026442307692307692 0.08653846153846154
2 0.7872596153846154 0.4387019230769231 0.016826923076923076 0.07932692307692307
3 0.9122596153846154 0.4495192307692308 0.019230769230769232 0.07932692307692307
3 0.9302884615384616 0.4495192307692308 0.021634615384615384 0.08413461538461539
4 0.0733173076923077 0.6790865384615384 0.016826923076923076 0.06971153846153846
4 0.09495192307692307 0.6826923076923077 0.019230769230769232 0.0673076923076923
5 0.22355769230769232 0.6742788461538461 0.019230769230769232 0.06490384615384616
5 0.24158653846153846 0.6730769230769231 0.016826923076923076 0.06490384615384616
6 0.36177884615384615 0.6766826923076923 0.021634615384615384 0.06009615384615385
6 0.38221153846153844 0.6802884615384616 0.019230769230769232 0.057692307692307696
7 0.6177884615384616 0.6598557692307693 0.019230769230769232 0.0625
7 0.6394230769230769 0.6622596153846154 0.021634615384615384 0.0625
8 0.7680288461538461 0.6646634615384616 0.016826923076923076 0.052884615384615384
8 0.7848557692307693 0.6670673076923077 0.016826923076923076 0.055288461538461536
9 0.9110576923076923 0.6646634615384616 0.019230769230769232 0.055288461538461536
9 0.9278846153846154 0.6670673076923077 0.019230769230769232 0.04807692307692308
10 0.06971153846153846 0.8605769230769231 0.016826923076923076 0.04807692307692308
10 0.09014423076923077 0.8605769230769231 0.019230769230769232 0.04807692307692308
12 0.20793269230769232 0.859375 0.019230769230769232 0.04567307692307692
12 0.2283653846153846 0.8617788461538461 0.021634615384615384 0.05048076923076923
13 0.41225961538461536 0.8677884615384616 0.019230769230769232 0.03365384615384615
13 0.4326923076923077 0.8665865384615384 0.016826923076923076 0.036057692307692304
14 0.5576923076923077 0.8677884615384616 0.016826923076923076 0.052884615384615384
14 0.5733173076923077 0.8689903846153846 0.019230769230769232 0.05048076923076923
22 0.7572115384615384 0.8677884615384616 0.019230769230769232 0.09615384615384616
22 0.7908653846153846 0.8762019230769231 0.038461538461538464 0.07451923076923077