0 0.07451923076923077 0.171875 0.02403846153846154 0.125
0 0.09975961538461539 0.17307692307692307 0.026442307692307692 0.12980769230769232
11 0.31009615384615385 0.18990384615384615 0.021634615384615384 0.12740384615384615
11 0.33533653846153844 0.18629807692307693 0.02403846153846154 0.1201923076923077
15 0.5072115384615384 0.17307692307692307 0.021634615384615384 0.11057692307692307
15 0.53125 0.17307692307692307 0.02403846153846154 0.10576923076923077
16 0.6935096153846154 0.18629807692307693 0.02403846153846154 0.10336538461538461
16 0.7271634615384616 0.1875 0.021634615384615384 0.0985576923076923
17 0.8581730769230769 0.1971153846153846 0.026442307692307692 0.09375
17 0.8810096153846154 0.19831730769230768 0.021634615384615384 0.09615384615384616
18 0.05889423076923077 0.4362980769230769 0.026442307692307692 0.08653846153846154
18 0.08533653846153846 0.4362980769230769 0.028846153846153848 0.09615384615384616
19 0.19831730769230768 0.44711538461538464 0.02403846153846154 0.0889423076923077
19 0.22596153846153846 0.44471153846153844 0.03125 0.0889423076923077
20 0.35336538461538464 0.4362980769230769 0.026442307692307692 0.07211538461538461
20 0.3786057692307692 0.4338942307692308 0.02403846153846154 0.07932692307692307
21 0.4951923076923077 0.4423076923076923 0.021634615384615384 0.07932692307692307
21 0.5192307692307693 0.4387019230769231 0.02403846153846154 0.07932692307692307
1 0.6322115384615384 0.44471153846153844 0.021634615384615384 0.07451923076923077
1 0.6574519230769231 0.44591346153846156 0.026442307692307692 0.07932692307692307
2 0.7680288461538461 0.43990384615384615 0.028846153846153848 0.08173076923076923
2 0.7992788461538461 0.4423076923076923 0.02403846153846154 0.07211538461538461
3 0.8954326923076923 0.4483173076923077 0.021634615384615384 0.07692307692307693
3 0.9146634615384616 0.4423076923076923 0.021634615384615384 0.07932692307692307
4 0.07932692307692307 0.6682692307692307 0.02403846153846154 0.0625
4 0.1045673076923077 0.6694711538461539 0.026442307692307692 0.0673076923076923
5 0.19831730769230768 0.671875 0.019230769230769232 0.06971153846153846
5 0.22235576923076922 0.6730769230769231 0.019230769230769232 0.06009615384615385
6 0.3605769230769231 0.671875 0.019230769230769232 0.0625
6 0.38221153846153844 0.6766826923076923 0.021634615384615384 0.0625
7 0.6334134615384616 0.6610576923076923 0.021634615384615384 0.052884615384615384
7 0.6598557692307693 0.6610576923076923 0.019230769230769232 0.06009615384615385
8 0.7728365384615384 0.6598557692307693 0.019230769230769232 0.052884615384615384
8 0.7956730769230769 0.6634615384615384 0.016826923076923076 0.055288461538461536
9 0.8942307692307693 0.6610576923076923 0.021634615384615384 0.0625
9 0.9158653846153846 0.6598557692307693 0.019230769230769232 0.055288461538461536
10 0.056490384615384616 0.8557692307692307 0.016826923076923076 0.03365384615384615
10 0.0733173076923077 0.8581730769230769 0.019230769230769232 0.04326923076923077
12 0.19831730769230768 0.8569711538461539 0.019230769230769232 0.040865384615384616
12 0.21754807692307693 0.8545673076923077 0.021634615384615384 0.04807692307692308
13 0.42427884615384615 0.8581730769230769 0.021634615384615384 0.038461538461538464
13 0.4483173076923077 0.8545673076923077 0.016826923076923076 0.03125
14 0.5456730769230769 0.8605769230769231 0.014423076923076924 0.03125
14 0.5637019230769231 0.8641826923076923 0.019230769230769232 0.038461538461538464
22 0.7536057692307693 0.8509615384615384 0.028846153846153848 0.08413461538461539
22 0.7800480769230769 0.8533653846153846 0.028846153846153848 0.09375