0 0.11899038461538461 0.1778846153846154 0.028846153846153848 0.15625
0 0.14423076923076922 0.17908653846153846 0.026442307692307692 0.1466346153846154
11 0.2692307692307692 0.17668269230769232 0.04567307692307692 0.10576923076923077
11 0.3125 0.18269230769230768 0.028846153846153848 0.14182692307692307
15 0.47115384615384615 0.18629807692307693 0.021634615384615384 0.1201923076923077
15 0.49759615384615385 0.18990384615384615 0.019230769230769232 0.12980769230769232
16 0.7007211538461539 0.1935096153846154 0.019230769230769232 0.11057692307692307
16 0.7259615384615384 0.19230769230769232 0.019230769230769232 0.10576923076923077
17 0.8930288461538461 0.21394230769230768 0.026442307692307692 0.11057692307692307
17 0.9230769230769231 0.2127403846153846 0.021634615384615384 0.10817307692307693
18 0.055288461538461536 0.4387019230769231 0.016826923076923076 0.10576923076923077
18 0.08774038461538461 0.44471153846153844 0.02403846153846154 0.10096153846153846
19 0.19591346153846154 0.4519230769230769 0.021634615384615384 0.0985576923076923
19 0.22115384615384615 0.4519230769230769 0.016826923076923076 0.0985576923076923
20 0.3545673076923077 0.453125 0.019230769230769232 0.08653846153846154
20 0.37740384615384615 0.453125 0.019230769230769232 0.08653846153846154
21 0.47716346153846156 0.44591346153846156 0.014423076923076924 0.07692307692307693
21 0.5072115384615384 0.453125 0.02403846153846154 0.07932692307692307
1 0.6322115384615384 0.43509615384615385 0.016826923076923076 0.0889423076923077
1 0.6658653846153846 0.44350961538461536 0.03365384615384615 0.06009615384615385
2 0.7536057692307693 0.45072115384615385 0.019230769230769232 0.08173076923076923
2 0.7788461538461539 0.4519230769230769 0.019230769230769232 0.08173076923076923
3 0.8930288461538461 0.44591346153846156 0.02403846153846154 0.08413461538461539
3 0.9230769230769231 0.4483173076923077 0.021634615384615384 0.08413461538461539
4 0.057692307692307696 0.6730769230769231 0.019230769230769232 0.07451923076923077
4 0.0829326923076923 0.6802884615384616 0.019230769230769232 0.06490384615384616
5 0.21754807692307693 0.6814903846153846 0.016826923076923076 0.06490384615384616
5 0.2403846153846154 0.6790865384615384 0.019230769230769232 0.07451923076923077
6 0.3629807692307692 0.6778846153846154 0.019230769230769232 0.06490384615384616
6 0.3870192307692308 0.6742788461538461 0.019230769230769232 0.06490384615384616
7 0.6358173076923077 0.6730769230769231 0.028846153846153848 0.05048076923076923
7 0.6586538461538461 0.6682692307692307 0.021634615384615384 0.055288461538461536
8 0.7560096153846154 0.6622596153846154 0.01201923076923077 0.06490384615384616
8 0.7764423076923077 0.6586538461538461 0.014423076923076924 0.06490384615384616
9 0.8942307692307693 0.6706730769230769 0.021634615384615384 0.055288461538461536
9 0.9242788461538461 0.6670673076923077 0.016826923076923076 0.05048076923076923
10 0.07932692307692307 0.8617788461538461 0.016826923076923076 0.055288461538461536
10 0.10096153846153846 0.8581730769230769 0.016826923076923076 0.055288461538461536
12 0.19951923076923078 0.8701923076923077 0.014423076923076924 0.04807692307692308
12 0.21754807692307693 0.8665865384615384 0.014423076923076924 0.04807692307692308
13 0.4182692307692308 0.8737980769230769 0.016826923076923076 0.04326923076923077
13 0.4387019230769231 0.8701923076923077 0.016826923076923076 0.04326923076923077
14 0.5709134615384616 0.8737980769230769 0.021634615384615384 0.03365384615384615
14 0.5564903846153846 0.8677884615384616 0.02403846153846154 0.04326923076923077
22 0.7956730769230769 0.875 0.036057692307692304 0.06009615384615385
23 0.921875 0.8677884615384616 0.02403846153846154 0.036057692307692304