0 0.0733173076923077 0.18990384615384615 0.07692307692307693 0.11057692307692307
0 0.12980769230769232 0.17908653846153846 0.03365384615384615 0.125
11 0.2956730769230769 0.18870192307692307 0.026442307692307692 0.1346153846153846
11 0.3317307692307692 0.19110576923076922 0.04567307692307692 0.12980769230769232
15 0.4963942307692308 0.17548076923076922 0.021634615384615384 0.12259615384615384
15 0.5204326923076923 0.18269230769230768 0.028846153846153848 0.11778846153846154
16 0.6887019230769231 0.19591346153846154 0.02403846153846154 0.10817307692307693
16 0.7151442307692307 0.1971153846153846 0.026442307692307692 0.10817307692307693
17 0.8786057692307693 0.19471153846153846 0.021634615384615384 0.10817307692307693
17 0.9038461538461539 0.19591346153846154 0.02403846153846154 0.12259615384615384
18 0.06971153846153846 0.4495192307692308 0.03365384615384615 0.10096153846153846
18 0.09975961538461539 0.4495192307692308 0.026442307692307692 0.10096153846153846
19 0.19831730769230768 0.4483173076923077 0.040865384615384616 0.09615384615384616
19 0.23076923076923078 0.44711538461538464 0.028846153846153848 0.09375
20 0.3545673076923077 0.44591346153846156 0.019230769230769232 0.08653846153846154
20 0.37740384615384615 0.44471153846153844 0.02403846153846154 0.0889423076923077
21 0.49399038461538464 0.44471153846153844 0.021634615384615384 0.08413461538461539
21 0.5216346153846154 0.4519230769230769 0.028846153846153848 0.08653846153846154
1 0.6322115384615384 0.4362980769230769 0.026442307692307692 0.07451923076923077
1 0.65625 0.4483173076923077 0.02403846153846154 0.08653846153846154
2 0.7596153846153846 0.45913461538461536 0.040865384615384616 0.06009615384615385
2 0.7908653846153846 0.44471153846153844 0.026442307692307692 0.08413461538461539
3 0.90625 0.453125 0.026442307692307692 0.07932692307692307
3 0.9290865384615384 0.4543269230769231 0.021634615384615384 0.0889423076923077
4 0.06370192307692307 0.6706730769230769 0.028846153846153848 0.0673076923076923
4 0.09615384615384616 0.6790865384615384 0.028846153846153848 0.055288461538461536
5 0.2127403846153846 0.6730769230769231 0.021634615384615384 0.0673076923076923
5 0.23557692307692307 0.6706730769230769 0.02403846153846154 0.06490384615384616
6 0.3557692307692308 0.6706730769230769 0.02403846153846154 0.0673076923076923
6 0.3786057692307692 0.6778846153846154 0.02403846153846154 0.0673076923076923
7 0.6286057692307693 0.6622596153846154 0.02403846153846154 0.0625
7 0.6502403846153846 0.6634615384615384 0.021634615384615384 0.0625
8 0.7608173076923077 0.6610576923076923 0.019230769230769232 0.06009615384615385
8 0.7872596153846154 0.6634615384615384 0.026442307692307692 0.057692307692307696
9 0.9026442307692307 0.6610576923076923 0.019230769230769232 0.055288461538461536
9 0.9278846153846154 0.6658653846153846 0.02403846153846154 0.0625
10 0.0733173076923077 0.859375 0.016826923076923076 0.04807692307692308
10 0.09495192307692307 0.8581730769230769 0.019230769230769232 0.05048076923076923
12 0.2127403846153846 0.859375 0.019230769230769232 0.04567307692307692
12 0.23197115384615385 0.8581730769230769 0.021634615384615384 0.05048076923076923
13 0.4206730769230769 0.8641826923076923 0.021634615384615384 0.04326923076923077
13 0.4483173076923077 0.8653846153846154 0.021634615384615384 0.04326923076923077
14 0.5637019230769231 0.8653846153846154 0.019230769230769232 0.04807692307692308
14 0.5841346153846154 0.8653846153846154 0.019230769230769232 0.04807692307692308
22 0.7596153846153846 0.8822115384615384 0.05048076923076923 0.0673076923076923
22 0.8028846153846154 0.8557692307692307 0.036057692307692304 0.06971153846153846