0 0.07572115384615384 0.17668269230769232 0.02403846153846154 0.1346153846153846
0 0.10817307692307693 0.17668269230769232 0.026442307692307692 0.15384615384615385
11 0.27163461538461536 0.1875 0.019230769230769232 0.13221153846153846
11 0.3088942307692308 0.1875 0.03365384615384615 0.12740384615384615
15 0.4651442307692308 0.19230769230769232 0.021634615384615384 0.10576923076923077
15 0.4987980769230769 0.1875 0.026442307692307692 0.11538461538461539
16 0.6959134615384616 0.19110576923076922 0.026442307692307692 0.11298076923076923
16 0.7235576923076923 0.19230769230769232 0.02403846153846154 0.10817307692307693
17 0.8858173076923077 0.20432692307692307 0.026442307692307692 0.0985576923076923
17 0.9206730769230769 0.20432692307692307 0.026442307692307692 0.0985576923076923
18 0.06490384615384616 0.4362980769230769 0.026442307692307692 0.0985576923076923
18 0.10096153846153846 0.4387019230769231 0.026442307692307692 0.0985576923076923
19 0.19591346153846154 0.44471153846153844 0.026442307692307692 0.08413461538461539
19 0.22355769230769232 0.4423076923076923 0.026442307692307692 0.0889423076923077
20 0.33653846153846156 0.4411057692307692 0.021634615384615384 0.07692307692307693
20 0.36538461538461536 0.4423076923076923 0.021634615384615384 0.07692307692307693
21 0.49278846153846156 0.4423076923076923 0.021634615384615384 0.07932692307692307
21 0.5192307692307693 0.4411057692307692 0.02403846153846154 0.07451923076923077
1 0.6322115384615384 0.44471153846153844 0.026442307692307692 0.07692307692307693
1 0.6610576923076923 0.4483173076923077 0.026442307692307692 0.07692307692307693
2 0.7536057692307693 0.44350961538461536 0.021634615384615384 0.07932692307692307
2 0.7836538461538461 0.44711538461538464 0.021634615384615384 0.07932692307692307
3 0.8930288461538461 0.44350961538461536 0.019230769230769232 0.07451923076923077
3 0.9170673076923077 0.44350961538461536 0.019230769230769232 0.07451923076923077
4 0.07572115384615384 0.6706730769230769 0.02403846153846154 0.06490384615384616
4 0.10336538461538461 0.6706730769230769 0.02403846153846154 0.06490384615384616
5 0.203125 0.6766826923076923 0.019230769230769232 0.0673076923076923
5 0.2247596153846154 0.6790865384615384 0.019230769230769232 0.0673076923076923
6 0.33774038461538464 0.6887019230769231 0.036057692307692304 0.05048076923076923
6 0.3713942307692308 0.6754807692307693 0.026442307692307692 0.07451923076923077
7 0.6310096153846154 0.6550480769230769 0.019230769230769232 0.055288461538461536
7 0.6586538461538461 0.6538461538461539 0.019230769230769232 0.055288461538461536
8 0.7704326923076923 0.6598557692307693 0.021634615384615384 0.055288461538461536
8 0.8004807692307693 0.6610576923076923 0.021634615384615384 0.055288461538461536
9 0.8942307692307693 0.6670673076923077 0.021634615384615384 0.05048076923076923
9 0.9194711538461539 0.6670673076923077 0.021634615384615384 0.05048076923076923
10 0.06009615384615385 0.8545673076923077 0.021634615384615384 0.052884615384615384
10 0.08533653846153846 0.859375 0.016826923076923076 0.052884615384615384
12 0.19831730769230768 0.8509615384615384 0.019230769230769232 0.040865384615384616
12 0.2247596153846154 0.8533653846153846 0.026442307692307692 0.038461538461538464
13 0.44350961538461536 0.8641826923076923 0.019230769230769232 0.040865384615384616
13 0.4206730769230769 0.8641826923076923 0.021634615384615384 0.03125
14 0.546875 0.8581730769230769 0.019230769230769232 0.04326923076923077
14 0.5733173076923077 0.8545673076923077 0.026442307692307692 0.04807692307692308
22 0.7596153846153846 0.8677884615384616 0.028846153846153848 0.09134615384615384
22 0.7860576923076923 0.8677884615384616 0.028846153846153848 0.09134615384615384