0 0.10336538461538461 0.20793269230769232 0.05048076923076923 0.09375
0 0.1310096153846154 0.18028846153846154 0.04567307692307692 0.14423076923076922
11 0.27283653846153844 0.19110576923076922 0.026442307692307692 0.13221153846153846
11 0.31490384615384615 0.19230769230769232 0.03365384615384615 0.125
15 0.49759615384615385 0.17908653846153846 0.03365384615384615 0.08173076923076923
15 0.5288461538461539 0.1778846153846154 0.04326923076923077 0.0889423076923077
16 0.6850961538461539 0.1935096153846154 0.019230769230769232 0.11778846153846154
16 0.7127403846153846 0.19110576923076922 0.019230769230769232 0.1201923076923077
17 0.8858173076923077 0.1935096153846154 0.021634615384615384 0.10576923076923077
17 0.9194711538461539 0.19951923076923078 0.03365384615384615 0.09615384615384616
18 0.0673076923076923 0.4423076923076923 0.03365384615384615 0.10336538461538461
18 0.10336538461538461 0.4567307692307692 0.040865384615384616 0.06009615384615385
19 0.20673076923076922 0.43990384615384615 0.02403846153846154 0.08653846153846154
19 0.23918269230769232 0.43990384615384615 0.02403846153846154 0.08653846153846154
20 0.35096153846153844 0.43990384615384615 0.014423076923076924 0.09375
20 0.3762019230769231 0.44350961538461536 0.021634615384615384 0.0889423076923077
21 0.4879807692307692 0.4375 0.03125 0.07692307692307693
21 0.5108173076923077 0.4387019230769231 0.02403846153846154 0.07451923076923077
1 0.6310096153846154 0.4639423076923077 0.028846153846153848 0.052884615384615384
1 0.6586538461538461 0.4423076923076923 0.021634615384615384 0.07932692307692307
2 0.7704326923076923 0.4387019230769231 0.021634615384615384 0.07932692307692307
2 0.7980769230769231 0.4483173076923077 0.026442307692307692 0.0673076923076923
3 0.9086538461538461 0.4519230769230769 0.026442307692307692 0.0625
3 0.9399038461538461 0.44471153846153844 0.02403846153846154 0.07692307692307693
4 0.0625 0.671875 0.021634615384615384 0.06971153846153846
4 0.09254807692307693 0.6826923076923077 0.026442307692307692 0.04807692307692308
5 0.20673076923076922 0.6694711538461539 0.026442307692307692 0.05048076923076923
5 0.23677884615384615 0.6706730769230769 0.026442307692307692 0.04807692307692308
6 0.3485576923076923 0.6814903846153846 0.028846153846153848 0.038461538461538464
6 0.3786057692307692 0.6790865384615384 0.03125 0.04807692307692308
7 0.6201923076923077 0.6550480769230769 0.016826923076923076 0.0625
7 0.6430288461538461 0.6598557692307693 0.016826923076923076 0.052884615384615384
8 0.7704326923076923 0.6646634615384616 0.019230769230769232 0.04807692307692308
8 0.7884615384615384 0.6634615384615384 0.016826923076923076 0.04807692307692308
9 0.9026442307692307 0.6634615384615384 0.016826923076923076 0.057692307692307696
9 0.9254807692307693 0.6646634615384616 0.01201923076923077 0.055288461538461536
10 0.05889423076923077 0.8665865384615384 0.016826923076923076 0.04567307692307692
10 0.08173076923076923 0.8689903846153846 0.026442307692307692 0.04326923076923077
12 0.20432692307692307 0.8581730769230769 0.016826923076923076 0.04326923076923077
12 0.2283653846153846 0.8581730769230769 0.016826923076923076 0.04326923076923077
13 0.4170673076923077 0.8641826923076923 0.016826923076923076 0.038461538461538464
13 0.43990384615384615 0.8641826923076923 0.016826923076923076 0.038461538461538464
14 0.5649038461538461 0.8665865384615384 0.021634615384615384 0.04567307692307692
14 0.5853365384615384 0.8617788461538461 0.016826923076923076 0.04326923076923077
22 0.7908653846153846 0.8677884615384616 0.02403846153846154 0.07692307692307693
23 0.9278846153846154 0.8653846153846154 0.014423076923076924 0.05048076923076923