0 0.09975961538461539 0.17307692307692307 0.026442307692307692 0.16826923076923078
0 0.13942307692307693 0.171875 0.04807692307692308 0.16826923076923078
11 0.27163461538461536 0.18389423076923078 0.052884615384615384 0.10576923076923077
11 0.3161057692307692 0.18870192307692307 0.040865384615384616 0.13701923076923078
15 0.4699519230769231 0.19471153846153846 0.052884615384615384 0.09134615384615384
15 0.5240384615384616 0.19471153846153846 0.052884615384615384 0.09134615384615384
16 0.6826923076923077 0.1935096153846154 0.036057692307692304 0.125
16 0.7163461538461539 0.19471153846153846 0.036057692307692304 0.125
17 0.8870192307692307 0.19230769230769232 0.028846153846153848 0.13221153846153846
17 0.9170673076923077 0.19230769230769232 0.028846153846153848 0.13221153846153846
18 0.055288461538461536 0.4483173076923077 0.02403846153846154 0.11057692307692307
18 0.09495192307692307 0.46634615384615385 0.04326923076923077 0.07211538461538461
19 0.2091346153846154 0.4483173076923077 0.026442307692307692 0.10817307692307693
19 0.23677884615384615 0.44591346153846156 0.026442307692307692 0.10817307692307693
20 0.3473557692307692 0.44471153846153844 0.026442307692307692 0.10576923076923077
20 0.37259615384615385 0.44471153846153844 0.026442307692307692 0.10576923076923077
21 0.4891826923076923 0.4423076923076923 0.028846153846153848 0.07932692307692307
21 0.5168269230769231 0.44350961538461536 0.028846153846153848 0.07932692307692307
1 0.6262019230769231 0.4362980769230769 0.028846153846153848 0.09134615384615384
1 0.6610576923076923 0.4362980769230769 0.03125 0.09134615384615384
2 0.7704326923076923 0.43990384615384615 0.03365384615384615 0.0985576923076923
2 0.8028846153846154 0.4423076923076923 0.03365384615384615 0.0985576923076923
3 0.8966346153846154 0.4495192307692308 0.03125 0.07692307692307693
3 0.9350961538461539 0.4483173076923077 0.04326923076923077 0.07451923076923077
4 0.07451923076923077 0.6742788461538461 0.026442307692307692 0.08653846153846154
4 0.09975961538461539 0.6730769230769231 0.02403846153846154 0.08653846153846154
5 0.19831730769230768 0.6730769230769231 0.026442307692307692 0.07932692307692307
5 0.2247596153846154 0.6706730769230769 0.026442307692307692 0.07932692307692307
6 0.35096153846153844 0.6730769230769231 0.028846153846153848 0.09375
6 0.3786057692307692 0.6730769230769231 0.028846153846153848 0.09375
7 0.6430288461538461 0.6610576923076923 0.02403846153846154 0.06490384615384616
7 0.6189903846153846 0.6574519230769231 0.019230769230769232 0.06490384615384616
8 0.7692307692307693 0.6670673076923077 0.026442307692307692 0.07211538461538461
8 0.796875 0.6670673076923077 0.026442307692307692 0.07211538461538461
9 0.9038461538461539 0.6658653846153846 0.026442307692307692 0.07451923076923077
9 0.9278846153846154 0.6670673076923077 0.026442307692307692 0.07451923076923077
10 0.07091346153846154 0.8629807692307693 0.021634615384615384 0.07451923076923077
10 0.09495192307692307 0.8629807692307693 0.021634615384615384 0.07451923076923077
12 0.21033653846153846 0.8641826923076923 0.028846153846153848 0.0625
12 0.23317307692307693 0.8653846153846154 0.028846153846153848 0.0625
13 0.4170673076923077 0.8677884615384616 0.021634615384615384 0.052884615384615384
13 0.4423076923076923 0.8677884615384616 0.021634615384615384 0.052884615384615384
14 0.5552884615384616 0.8653846153846154 0.02403846153846154 0.0625
14 0.5817307692307693 0.8653846153846154 0.02403846153846154 0.0625
22 0.7644230769230769 0.8629807692307693 0.04567307692307692 0.10576923076923077
22 0.8040865384615384 0.8641826923076923 0.04567307692307692 0.10576923076923077