0 0.0889423076923077 0.18269230769230768 0.03125 0.15625
0 0.11899038461538461 0.18269230769230768 0.03125 0.15625
11 0.2956730769230769 0.18629807692307693 0.021634615384615384 0.15625
11 0.3269230769230769 0.18509615384615385 0.028846153846153848 0.14903846153846154
15 0.4855769230769231 0.18870192307692307 0.03125 0.14182692307692307
15 0.515625 0.1875 0.03125 0.14182692307692307
16 0.6610576923076923 0.19110576923076922 0.04567307692307692 0.11057692307692307
16 0.7019230769230769 0.18269230769230768 0.04567307692307692 0.11057692307692307
17 0.8858173076923077 0.20192307692307693 0.04567307692307692 0.11298076923076923
17 0.9170673076923077 0.19471153846153846 0.04567307692307692 0.11298076923076923
18 0.0673076923076923 0.4423076923076923 0.026442307692307692 0.10817307692307693
18 0.09134615384615384 0.4411057692307692 0.026442307692307692 0.10817307692307693
19 0.20432692307692307 0.4423076923076923 0.03365384615384615 0.0985576923076923
19 0.23677884615384615 0.4423076923076923 0.03365384615384615 0.0985576923076923
20 0.3317307692307692 0.4483173076923077 0.03365384615384615 0.09375
20 0.3641826923076923 0.4483173076923077 0.03365384615384615 0.09375
21 0.4795673076923077 0.4423076923076923 0.03125 0.0889423076923077
21 0.5108173076923077 0.4411057692307692 0.03125 0.09134615384615384
1 0.6237980769230769 0.4483173076923077 0.036057692307692304 0.08653846153846154
1 0.6574519230769231 0.4483173076923077 0.036057692307692304 0.08653846153846154
2 0.7620192307692307 0.44350961538461536 0.028846153846153848 0.10576923076923077
2 0.7944711538461539 0.4423076923076923 0.028846153846153848 0.10576923076923077
3 0.8918269230769231 0.4423076923076923 0.028846153846153848 0.10096153846153846
3 0.921875 0.44591346153846156 0.028846153846153848 0.10096153846153846
4 0.0673076923076923 0.6730769230769231 0.04567307692307692 0.0673076923076923
4 0.10336538461538461 0.6730769230769231 0.028846153846153848 0.06490384615384616
5 0.20552884615384615 0.6754807692307693 0.026442307692307692 0.07932692307692307
5 0.23076923076923078 0.6754807692307693 0.026442307692307692 0.07932692307692307
6 0.3425480769230769 0.6730769230769231 0.026442307692307692 0.07451923076923077
6 0.36778846153846156 0.6754807692307693 0.02403846153846154 0.07451923076923077
7 0.6141826923076923 0.6610576923076923 0.038461538461538464 0.0673076923076923
7 0.6490384615384616 0.6634615384615384 0.038461538461538464 0.0673076923076923
8 0.7704326923076923 0.6658653846153846 0.026442307692307692 0.07451923076923077
8 0.796875 0.6658653846153846 0.026442307692307692 0.07451923076923077
9 0.8942307692307693 0.6706730769230769 0.026442307692307692 0.07451923076923077
9 0.9182692307692307 0.671875 0.026442307692307692 0.07451923076923077
10 0.06610576923076923 0.8605769230769231 0.026442307692307692 0.06490384615384616
10 0.09014423076923077 0.8581730769230769 0.026442307692307692 0.06490384615384616
12 0.20793269230769232 0.859375 0.021634615384615384 0.0625
12 0.23076923076923078 0.8569711538461539 0.021634615384615384 0.06490384615384616
13 0.4182692307692308 0.8653846153846154 0.028846153846153848 0.05048076923076923
13 0.44350961538461536 0.8641826923076923 0.026442307692307692 0.05048076923076923
14 0.5540865384615384 0.8641826923076923 0.02403846153846154 0.06009615384615385
14 0.5793269230769231 0.8641826923076923 0.021634615384615384 0.0625
22 0.7716346153846154 0.8629807692307693 0.03365384615384615 0.09615384615384616