0 0.08653846153846154 0.17427884615384615 0.03365384615384615 0.15865384615384615
0 0.13581730769230768 0.19471153846153846 0.06490384615384616 0.11778846153846154
11 0.28846153846153844 0.19110576923076922 0.04567307692307692 0.125
11 0.3317307692307692 0.19230769230769232 0.036057692307692304 0.12980769230769232
15 0.4831730769230769 0.17668269230769232 0.04326923076923077 0.1201923076923077
15 0.5228365384615384 0.17668269230769232 0.03365384615384615 0.12259615384615384
16 0.6814903846153846 0.20432692307692307 0.03365384615384615 0.11298076923076923
16 0.7163461538461539 0.19471153846153846 0.036057692307692304 0.1346153846153846
17 0.8930288461538461 0.19591346153846154 0.026442307692307692 0.125
17 0.9254807692307693 0.1935096153846154 0.040865384615384616 0.1658653846153846
18 0.06009615384615385 0.4519230769230769 0.036057692307692304 0.11538461538461539
18 0.09014423076923077 0.4519230769230769 0.03125 0.1201923076923077
19 0.21514423076923078 0.44471153846153844 0.026442307692307692 0.11057692307692307
19 0.24759615384615385 0.4483173076923077 0.038461538461538464 0.11057692307692307
20 0.3473557692307692 0.4483173076923077 0.03125 0.0889423076923077
20 0.3798076923076923 0.4483173076923077 0.036057692307692304 0.09134615384615384
21 0.48677884615384615 0.4483173076923077 0.03365384615384615 0.10096153846153846
21 0.5192307692307693 0.4483173076923077 0.028846153846153848 0.10817307692307693
1 0.6286057692307693 0.44591346153846156 0.026442307692307692 0.10096153846153846
1 0.6550480769230769 0.4483173076923077 0.026442307692307692 0.10096153846153846
2 0.7560096153846154 0.4519230769230769 0.040865384615384616 0.07451923076923077
2 0.7956730769230769 0.453125 0.038461538461538464 0.07692307692307693
3 0.9086538461538461 0.44711538461538464 0.026442307692307692 0.09375
3 0.9326923076923077 0.44591346153846156 0.026442307692307692 0.09375
4 0.05889423076923077 0.6754807692307693 0.03365384615384615 0.07451923076923077
4 0.09735576923076923 0.6766826923076923 0.040865384615384616 0.07451923076923077
5 0.2091346153846154 0.6766826923076923 0.026442307692307692 0.08653846153846154
5 0.23918269230769232 0.6754807692307693 0.03125 0.08653846153846154
6 0.35096153846153844 0.6754807692307693 0.019230769230769232 0.07932692307692307
6 0.3737980769230769 0.6754807692307693 0.026442307692307692 0.07932692307692307
7 0.6274038461538461 0.6634615384615384 0.028846153846153848 0.07932692307692307
7 0.6550480769230769 0.6634615384615384 0.03365384615384615 0.08413461538461539
8 0.7668269230769231 0.6694711538461539 0.028846153846153848 0.06490384615384616
8 0.796875 0.6706730769230769 0.03125 0.0625
9 0.9026442307692307 0.6610576923076923 0.026442307692307692 0.0673076923076923
9 0.9314903846153846 0.6622596153846154 0.028846153846153848 0.06490384615384616
10 0.06971153846153846 0.8617788461538461 0.026442307692307692 0.05048076923076923
10 0.0985576923076923 0.8629807692307693 0.026442307692307692 0.052884615384615384
12 0.19591346153846154 0.8653846153846154 0.028846153846153848 0.0673076923076923
12 0.22355769230769232 0.8677884615384616 0.026442307692307692 0.0673076923076923
13 0.41466346153846156 0.8617788461538461 0.021634615384615384 0.0673076923076923
13 0.4411057692307692 0.8641826923076923 0.028846153846153848 0.07211538461538461
14 0.5396634615384616 0.8629807692307693 0.02403846153846154 0.06009615384615385
14 0.5685096153846154 0.8641826923076923 0.038461538461538464 0.0625
22 0.7572115384615384 0.8713942307692307 0.038461538461538464 0.10576923076923077
22 0.7908653846153846 0.8737980769230769 0.021634615384615384 0.10817307692307693