0 0.09375 0.1814903846153846 0.03365384615384615 0.16346153846153846
0 0.1310096153846154 0.19230769230769232 0.038461538461538464 0.16105769230769232
11 0.2704326923076923 0.20192307692307693 0.04567307692307692 0.14182692307692307
11 0.3173076923076923 0.19230769230769232 0.02403846153846154 0.16105769230769232
15 0.4831730769230769 0.18028846153846154 0.03125 0.12980769230769232
15 0.5204326923076923 0.18269230769230768 0.026442307692307692 0.14182692307692307
16 0.6766826923076923 0.18509615384615385 0.03125 0.125
16 0.7199519230769231 0.19230769230769232 0.03365384615384615 0.11778846153846154
17 0.8617788461538461 0.20192307692307693 0.028846153846153848 0.125
17 0.8990384615384616 0.20673076923076922 0.02403846153846154 0.1201923076923077
18 0.07211538461538461 0.4423076923076923 0.026442307692307692 0.11778846153846154
18 0.10576923076923077 0.44350961538461536 0.02403846153846154 0.11298076923076923
19 0.21153846153846154 0.4519230769230769 0.019230769230769232 0.10817307692307693
19 0.24519230769230768 0.45913461538461536 0.036057692307692304 0.09375
20 0.35336538461538464 0.45552884615384615 0.02403846153846154 0.09375
20 0.37740384615384615 0.4519230769230769 0.026442307692307692 0.09615384615384616
21 0.48197115384615385 0.44471153846153844 0.03365384615384615 0.08173076923076923
21 0.5120192307692307 0.44350961538461536 0.019230769230769232 0.0889423076923077
1 0.6262019230769231 0.4483173076923077 0.021634615384615384 0.09615384615384616
1 0.6598557692307693 0.43990384615384615 0.036057692307692304 0.06490384615384616
2 0.7692307692307693 0.44471153846153844 0.021634615384615384 0.09375
2 0.8004807692307693 0.453125 0.03365384615384615 0.0673076923076923
3 0.9110576923076923 0.44711538461538464 0.021634615384615384 0.0985576923076923
3 0.9387019230769231 0.44711538461538464 0.021634615384615384 0.0985576923076923
4 0.0625 0.671875 0.028846153846153848 0.0673076923076923
4 0.09134615384615384 0.6730769230769231 0.021634615384615384 0.06971153846153846
5 0.21153846153846154 0.6790865384615384 0.028846153846153848 0.0673076923076923
5 0.2403846153846154 0.6802884615384616 0.026442307692307692 0.0673076923076923
6 0.34615384615384615 0.6766826923076923 0.02403846153846154 0.07692307692307693
6 0.3701923076923077 0.6682692307692307 0.021634615384615384 0.07692307692307693
7 0.6262019230769231 0.6586538461538461 0.02403846153846154 0.057692307692307696
7 0.6574519230769231 0.6634615384615384 0.02403846153846154 0.06009615384615385
8 0.7704326923076923 0.6706730769230769 0.028846153846153848 0.04807692307692308
8 0.7992788461538461 0.6634615384615384 0.016826923076923076 0.0625
9 0.9050480769230769 0.6682692307692307 0.019230769230769232 0.06009615384615385
9 0.9314903846153846 0.6682692307692307 0.021634615384615384 0.052884615384615384
10 0.07211538461538461 0.8569711538461539 0.02403846153846154 0.04807692307692308
10 0.09975961538461539 0.8605769230769231 0.021634615384615384 0.038461538461538464
12 0.21634615384615385 0.859375 0.02403846153846154 0.04326923076923077
12 0.23798076923076922 0.8581730769230769 0.019230769230769232 0.04807692307692308
13 0.41586538461538464 0.8701923076923077 0.019230769230769232 0.036057692307692304
13 0.4387019230769231 0.8689903846153846 0.021634615384615384 0.036057692307692304
14 0.5588942307692307 0.8653846153846154 0.021634615384615384 0.038461538461538464
14 0.5841346153846154 0.8653846153846154 0.019230769230769232 0.05048076923076923
22 0.7764423076923077 0.8677884615384616 0.026442307692307692 0.0985576923076923
23 0.9110576923076923 0.8665865384615384 0.019230769230769232 0.04326923076923077