0 0.09615384615384616 0.17067307692307693 0.03125 0.22355769230769232
0 0.12620192307692307 0.17067307692307693 0.03125 0.22355769230769232
11 0.2848557692307692 0.1814903846153846 0.03365384615384615 0.1875
11 0.31971153846153844 0.1814903846153846 0.03365384615384615 0.1875
15 0.4795673076923077 0.18389423076923078 0.028846153846153848 0.1778846153846154
15 0.5096153846153846 0.18269230769230768 0.028846153846153848 0.1778846153846154
16 0.6706730769230769 0.1875 0.038461538461538464 0.1466346153846154
16 0.7091346153846154 0.1875 0.038461538461538464 0.1466346153846154
17 0.8641826923076923 0.19591346153846154 0.038461538461538464 0.1466346153846154
17 0.9026442307692307 0.19591346153846154 0.038461538461538464 0.1466346153846154
18 0.0673076923076923 0.44711538461538464 0.040865384615384616 0.1346153846153846
18 0.10697115384615384 0.44471153846153844 0.040865384615384616 0.1346153846153846
19 0.21033653846153846 0.4483173076923077 0.03365384615384615 0.12980769230769232
19 0.24278846153846154 0.4483173076923077 0.03365384615384615 0.12980769230769232
20 0.3401442307692308 0.44471153846153844 0.04567307692307692 0.12259615384615384
20 0.38461538461538464 0.44350961538461536 0.04567307692307692 0.125
21 0.484375 0.44350961538461536 0.038461538461538464 0.125
21 0.5204326923076923 0.4423076923076923 0.038461538461538464 0.12740384615384615
1 0.6274038461538461 0.4423076923076923 0.036057692307692304 0.11298076923076923
1 0.6598557692307693 0.4423076923076923 0.03365384615384615 0.11298076923076923
2 0.7584134615384616 0.44350961538461536 0.036057692307692304 0.11778846153846154
2 0.7920673076923077 0.44350961538461536 0.036057692307692304 0.11778846153846154
3 0.9266826923076923 0.4483173076923077 0.036057692307692304 0.10576923076923077
3 0.8918269230769231 0.44591346153846156 0.028846153846153848 0.10817307692307693
4 0.056490384615384616 0.6766826923076923 0.03365384615384615 0.09375
4 0.09615384615384616 0.6766826923076923 0.03365384615384615 0.09375
5 0.2091346153846154 0.6730769230769231 0.03125 0.08653846153846154
5 0.2439903846153846 0.6706730769230769 0.03125 0.08653846153846154
6 0.35096153846153844 0.6730769230769231 0.028846153846153848 0.08413461538461539
6 0.37740384615384615 0.6706730769230769 0.028846153846153848 0.08173076923076923
7 0.6274038461538461 0.6622596153846154 0.03365384615384615 0.08173076923076923
7 0.6610576923076923 0.6622596153846154 0.03365384615384615 0.08173076923076923
8 0.7644230769230769 0.6670673076923077 0.03365384615384615 0.07932692307692307
8 0.7956730769230769 0.6694711538461539 0.03365384615384615 0.07932692307692307
9 0.8990384615384616 0.6574519230769231 0.040865384615384616 0.08653846153846154
9 0.9411057692307693 0.6622596153846154 0.040865384615384616 0.08653846153846154
10 0.07451923076923077 0.8677884615384616 0.028846153846153848 0.07451923076923077
10 0.09975961538461539 0.8701923076923077 0.028846153846153848 0.07451923076923077
12 0.24158653846153846 0.8569711538461539 0.040865384615384616 0.0625
12 0.20552884615384615 0.8557692307692307 0.03365384615384615 0.0625
13 0.40865384615384615 0.8689903846153846 0.03125 0.0673076923076923
13 0.4375 0.8677884615384616 0.03125 0.06971153846153846
14 0.5528846153846154 0.8665865384615384 0.028846153846153848 0.06971153846153846
14 0.5817307692307693 0.8665865384615384 0.028846153846153848 0.06971153846153846
22 0.7752403846153846 0.8641826923076923 0.036057692307692304 0.125
23 0.9074519230769231 0.8641826923076923 0.036057692307692304 0.0673076923076923