0 0.06971153846153846 0.18389423076923078 0.052884615384615384 0.18028846153846154
0 0.11538461538461539 0.17067307692307693 0.04326923076923077 0.2091346153846154
11 0.2704326923076923 0.18870192307692307 0.03125 0.1875
11 0.3016826923076923 0.18870192307692307 0.03125 0.1875
15 0.4879807692307692 0.20072115384615385 0.026442307692307692 0.17307692307692307
15 0.5120192307692307 0.20192307692307693 0.02403846153846154 0.17307692307692307
16 0.6826923076923077 0.1935096153846154 0.026442307692307692 0.15144230769230768
16 0.7127403846153846 0.19230769230769232 0.03365384615384615 0.15384615384615385
17 0.8545673076923077 0.19831730769230768 0.026442307692307692 0.14182692307692307
17 0.8846153846153846 0.19831730769230768 0.038461538461538464 0.1466346153846154
18 0.05048076923076923 0.4519230769230769 0.038461538461538464 0.125
18 0.08653846153846154 0.4519230769230769 0.038461538461538464 0.125
19 0.19591346153846154 0.4567307692307692 0.026442307692307692 0.12259615384615384
19 0.2247596153846154 0.4579326923076923 0.03365384615384615 0.12259615384615384
20 0.35336538461538464 0.4483173076923077 0.03125 0.12259615384615384
20 0.38221153846153844 0.4483173076923077 0.03125 0.12259615384615384
21 0.49038461538461536 0.4483173076923077 0.026442307692307692 0.11778846153846154
21 0.5204326923076923 0.4483173076923077 0.026442307692307692 0.11778846153846154
1 0.6141826923076923 0.4579326923076923 0.026442307692307692 0.13221153846153846
1 0.6382211538461539 0.4579326923076923 0.026442307692307692 0.13221153846153846
2 0.7692307692307693 0.4362980769230769 0.021634615384615384 0.11778846153846154
2 0.7992788461538461 0.4338942307692308 0.03365384615384615 0.11538461538461539
3 0.9098557692307693 0.4375 0.02403846153846154 0.11778846153846154
3 0.9362980769230769 0.4362980769230769 0.028846153846153848 0.1201923076923077
4 0.07692307692307693 0.6730769230769231 0.028846153846153848 0.09375
4 0.10336538461538461 0.671875 0.028846153846153848 0.09375
5 0.2127403846153846 0.6862980769230769 0.03365384615384615 0.08653846153846154
5 0.24278846153846154 0.6826923076923077 0.028846153846153848 0.09134615384615384
6 0.35697115384615385 0.6754807692307693 0.026442307692307692 0.09134615384615384
6 0.38100961538461536 0.6754807692307693 0.02403846153846154 0.09134615384615384
7 0.6358173076923077 0.6538461538461539 0.02403846153846154 0.07932692307692307
7 0.6586538461538461 0.6550480769230769 0.02403846153846154 0.07932692307692307
8 0.7524038461538461 0.6646634615384616 0.02403846153846154 0.08653846153846154
8 0.7764423076923077 0.6646634615384616 0.02403846153846154 0.08653846153846154
9 0.9158653846153846 0.6730769230769231 0.021634615384615384 0.08173076923076923
9 0.9399038461538461 0.6742788461538461 0.021634615384615384 0.08173076923076923
10 0.056490384615384616 0.8545673076923077 0.019230769230769232 0.0673076923076923
10 0.07572115384615384 0.8569711538461539 0.016826923076923076 0.0673076923076923
12 0.19591346153846154 0.8581730769230769 0.026442307692307692 0.07451923076923077
12 0.21995192307692307 0.8581730769230769 0.026442307692307692 0.06971153846153846
13 0.4182692307692308 0.8641826923076923 0.036057692307692304 0.05048076923076923
13 0.4519230769230769 0.8641826923076923 0.036057692307692304 0.05048076923076923
14 0.5637019230769231 0.8629807692307693 0.021634615384615384 0.06009615384615385
14 0.5853365384615384 0.8629807692307693 0.021634615384615384 0.06009615384615385
22 0.7740384615384616 0.8737980769230769 0.05048076923076923 0.11057692307692307
23 0.9158653846153846 0.8545673076923077 0.03125 0.06971153846153846