0 0.09495192307692307 0.18028846153846154 0.028846153846153848 0.12980769230769232
0 0.12860576923076922 0.17668269230769232 0.028846153846153848 0.13221153846153846
11 0.2920673076923077 0.18389423076923078 0.04326923076923077 0.12259615384615384
11 0.328125 0.18629807692307693 0.03125 0.125
15 0.49278846153846156 0.18269230769230768 0.02403846153846154 0.09375
15 0.5240384615384616 0.18870192307692307 0.03365384615384615 0.0985576923076923
16 0.6947115384615384 0.18870192307692307 0.026442307692307692 0.09375
16 0.7211538461538461 0.18870192307692307 0.03125 0.0985576923076923
17 0.8653846153846154 0.18269230769230768 0.028846153846153848 0.0985576923076923
17 0.9026442307692307 0.18509615384615385 0.03125 0.0985576923076923
18 0.06490384615384616 0.4411057692307692 0.03125 0.09375
18 0.09495192307692307 0.44350961538461536 0.03125 0.09375
19 0.20793269230769232 0.43990384615384615 0.026442307692307692 0.08173076923076923
19 0.23798076923076922 0.4423076923076923 0.026442307692307692 0.08653846153846154
20 0.35336538461538464 0.43990384615384615 0.026442307692307692 0.07451923076923077
20 0.3786057692307692 0.4411057692307692 0.028846153846153848 0.08413461538461539
21 0.4891826923076923 0.43990384615384615 0.03365384615384615 0.07451923076923077
21 0.5180288461538461 0.4411057692307692 0.038461538461538464 0.08413461538461539
1 0.6358173076923077 0.44471153846153844 0.026442307692307692 0.07451923076923077
1 0.6598557692307693 0.4495192307692308 0.026442307692307692 0.07932692307692307
2 0.7788461538461539 0.4483173076923077 0.026442307692307692 0.08173076923076923
2 0.8028846153846154 0.45072115384615385 0.021634615384615384 0.07932692307692307
3 0.9026442307692307 0.4519230769230769 0.038461538461538464 0.0625
3 0.9387019230769231 0.4483173076923077 0.026442307692307692 0.07451923076923077
4 0.0673076923076923 0.6706730769230769 0.026442307692307692 0.06009615384615385
4 0.09615384615384616 0.6670673076923077 0.028846153846153848 0.057692307692307696
5 0.2127403846153846 0.6694711538461539 0.028846153846153848 0.057692307692307696
5 0.2403846153846154 0.6730769230769231 0.028846153846153848 0.06009615384615385
6 0.3557692307692308 0.6622596153846154 0.021634615384615384 0.06490384615384616
6 0.38100961538461536 0.6658653846153846 0.028846153846153848 0.0625
7 0.6358173076923077 0.6622596153846154 0.026442307692307692 0.055288461538461536
7 0.6622596153846154 0.6598557692307693 0.026442307692307692 0.055288461538461536
8 0.7716346153846154 0.6622596153846154 0.026442307692307692 0.05048076923076923
8 0.7956730769230769 0.6646634615384616 0.02403846153846154 0.052884615384615384
9 0.90625 0.6586538461538461 0.02403846153846154 0.04807692307692308
9 0.9387019230769231 0.6610576923076923 0.028846153846153848 0.04807692307692308
10 0.06490384615384616 0.8605769230769231 0.021634615384615384 0.038461538461538464
10 0.08413461538461539 0.8581730769230769 0.019230769230769232 0.04567307692307692
12 0.2127403846153846 0.859375 0.019230769230769232 0.04807692307692308
12 0.23677884615384615 0.8605769230769231 0.021634615384615384 0.04807692307692308
13 0.41346153846153844 0.8641826923076923 0.02403846153846154 0.03365384615384615
13 0.44591346153846156 0.8629807692307693 0.016826923076923076 0.028846153846153848
14 0.5600961538461539 0.8545673076923077 0.016826923076923076 0.036057692307692304
14 0.5853365384615384 0.8629807692307693 0.028846153846153848 0.03365384615384615
22 0.7980769230769231 0.8605769230769231 0.028846153846153848 0.0889423076923077
23 0.9098557692307693 0.8737980769230769 0.026442307692307692 0.04567307692307692