0 0.06129807692307692 0.18870192307692307 0.055288461538461536 0.1875
0 0.11658653846153846 0.1875 0.052884615384615384 0.21634615384615385
11 0.27283653846153844 0.17548076923076922 0.04326923076923077 0.22596153846153846
11 0.3137019230769231 0.17307692307692307 0.04326923076923077 0.22596153846153846
15 0.45552884615384615 0.18028846153846154 0.07451923076923077 0.12980769230769232
15 0.5324519230769231 0.17548076923076922 0.07692307692307693 0.13942307692307693
16 0.7319711538461539 0.20192307692307693 0.038461538461538464 0.16826923076923078
16 0.6959134615384616 0.20192307692307693 0.021634615384615384 0.18028846153846154
17 0.8545673076923077 0.19951923076923078 0.038461538461538464 0.14903846153846154
17 0.8918269230769231 0.20192307692307693 0.038461538461538464 0.15384615384615385
18 0.052884615384615384 0.44711538461538464 0.028846153846153848 0.16826923076923078
18 0.09375 0.44591346153846156 0.05048076923076923 0.17067307692307693
19 0.19471153846153846 0.4483173076923077 0.028846153846153848 0.13942307692307693
19 0.22115384615384615 0.4483173076923077 0.028846153846153848 0.13942307692307693
20 0.3473557692307692 0.4483173076923077 0.04567307692307692 0.14182692307692307
20 0.38461538461538464 0.4495192307692308 0.03365384615384615 0.14182692307692307
21 0.48677884615384615 0.453125 0.028846153846153848 0.14182692307692307
21 0.5132211538461539 0.4519230769230769 0.028846153846153848 0.14182692307692307
1 0.6129807692307693 0.4543269230769231 0.03365384615384615 0.11298076923076923
1 0.6418269230769231 0.453125 0.028846153846153848 0.13221153846153846
2 0.7548076923076923 0.4411057692307692 0.021634615384615384 0.1346153846153846
2 0.7848557692307693 0.43509615384615385 0.03125 0.12980769230769232
3 0.8966346153846154 0.4543269230769231 0.028846153846153848 0.13942307692307693
3 0.9254807692307693 0.4519230769230769 0.028846153846153848 0.13942307692307693
4 0.05889423076923077 0.6754807692307693 0.03125 0.10096153846153846
4 0.08653846153846154 0.6754807692307693 0.03125 0.10096153846153846
5 0.1971153846153846 0.6730769230769231 0.03125 0.1201923076923077
5 0.22596153846153846 0.6706730769230769 0.03125 0.1201923076923077
6 0.3581730769230769 0.6694711538461539 0.021634615384615384 0.10576923076923077
6 0.38461538461538464 0.6670673076923077 0.021634615384615384 0.10576923076923077
7 0.6382211538461539 0.671875 0.02403846153846154 0.0985576923076923
7 0.6610576923076923 0.671875 0.02403846153846154 0.0985576923076923
8 0.7548076923076923 0.6658653846153846 0.026442307692307692 0.09375
8 0.7776442307692307 0.6670673076923077 0.026442307692307692 0.09375
9 0.9158653846153846 0.6742788461538461 0.026442307692307692 0.08173076923076923
9 0.9411057692307693 0.6742788461538461 0.026442307692307692 0.08173076923076923
10 0.05889423076923077 0.8665865384615384 0.021634615384615384 0.07451923076923077
10 0.0829326923076923 0.8665865384615384 0.021634615384615384 0.07451923076923077
12 0.21754807692307693 0.8605769230769231 0.021634615384615384 0.07932692307692307
12 0.2403846153846154 0.8629807692307693 0.021634615384615384 0.07932692307692307
13 0.42788461538461536 0.8641826923076923 0.028846153846153848 0.04807692307692308
13 0.3954326923076923 0.8617788461538461 0.028846153846153848 0.05048076923076923
14 0.5564903846153846 0.8665865384615384 0.016826923076923076 0.07932692307692307
14 0.5757211538461539 0.8665865384615384 0.016826923076923076 0.07932692307692307
22 0.7608173076923077 0.8713942307692307 0.028846153846153848 0.1466346153846154
22 0.7980769230769231 0.8713942307692307 0.052884615384615384 0.1466346153846154