0 0.07572115384615384 0.2127403846153846 0.10096153846153846 0.125
0 0.14182692307692307 0.18028846153846154 0.02403846153846154 0.1971153846153846
11 0.2824519230769231 0.1875 0.026442307692307692 0.2091346153846154
11 0.33774038461538464 0.21394230769230768 0.0673076923076923 0.15144230769230768
15 0.4735576923076923 0.19471153846153846 0.052884615384615384 0.1201923076923077
15 0.5264423076923077 0.1778846153846154 0.03365384615384615 0.1658653846153846
16 0.6802884615384616 0.19471153846153846 0.03125 0.15625
16 0.7115384615384616 0.20192307692307693 0.02403846153846154 0.15625
17 0.8834134615384616 0.20552884615384615 0.038461538461538464 0.1466346153846154
17 0.9194711538461539 0.1971153846153846 0.03365384615384615 0.16826923076923078
18 0.057692307692307696 0.4483173076923077 0.03125 0.13221153846153846
18 0.0985576923076923 0.46033653846153844 0.04807692307692308 0.10576923076923077
19 0.2091346153846154 0.453125 0.036057692307692304 0.13942307692307693
19 0.23918269230769232 0.44471153846153844 0.021634615384615384 0.17067307692307693
20 0.34975961538461536 0.45072115384615385 0.038461538461538464 0.11298076923076923
20 0.3786057692307692 0.4411057692307692 0.028846153846153848 0.1346153846153846
21 0.4831730769230769 0.4423076923076923 0.026442307692307692 0.11057692307692307
21 0.5240384615384616 0.4579326923076923 0.04807692307692308 0.08173076923076923
1 0.6310096153846154 0.4519230769230769 0.028846153846153848 0.11538461538461539
1 0.6622596153846154 0.44350961538461536 0.03125 0.12980769230769232
2 0.7716346153846154 0.44711538461538464 0.026442307692307692 0.11298076923076923
2 0.7980769230769231 0.4375 0.026442307692307692 0.13942307692307693
3 0.9038461538461539 0.4543269230769231 0.04326923076923077 0.11057692307692307
3 0.9399038461538461 0.43990384615384615 0.028846153846153848 0.14423076923076922
4 0.06971153846153846 0.6730769230769231 0.03125 0.0985576923076923
4 0.09495192307692307 0.6658653846153846 0.02403846153846154 0.12740384615384615
5 0.20793269230769232 0.6742788461538461 0.021634615384615384 0.11298076923076923
5 0.234375 0.6802884615384616 0.026442307692307692 0.10336538461538461
6 0.35096153846153844 0.6802884615384616 0.03125 0.08173076923076923
6 0.37740384615384615 0.6694711538461539 0.026442307692307692 0.10576923076923077
7 0.6274038461538461 0.6670673076923077 0.028846153846153848 0.09615384615384616
7 0.6514423076923077 0.6646634615384616 0.026442307692307692 0.11057692307692307
8 0.7668269230769231 0.6670673076923077 0.021634615384615384 0.07932692307692307
8 0.7920673076923077 0.6658653846153846 0.03125 0.09375
9 0.9158653846153846 0.6670673076923077 0.021634615384615384 0.07932692307692307
9 0.9375 0.6574519230769231 0.02403846153846154 0.10576923076923077
10 0.06850961538461539 0.8617788461538461 0.028846153846153848 0.0673076923076923
10 0.09615384615384616 0.8581730769230769 0.021634615384615384 0.08173076923076923
12 0.21634615384615385 0.8629807692307693 0.028846153846153848 0.07451923076923077
12 0.24278846153846154 0.8545673076923077 0.021634615384615384 0.09615384615384616
13 0.4170673076923077 0.8677884615384616 0.026442307692307692 0.057692307692307696
13 0.45072115384615385 0.8677884615384616 0.028846153846153848 0.0625
14 0.5528846153846154 0.8629807692307693 0.028846153846153848 0.06009615384615385
14 0.5817307692307693 0.8605769230769231 0.021634615384615384 0.07932692307692307
22 0.7908653846153846 0.8882211538461539 0.0625 0.08173076923076923
23 0.9254807692307693 0.8774038461538461 0.026442307692307692 0.07451923076923077