0 0.0985576923076923 0.171875 0.04326923076923077 0.11057692307692307
0 0.15144230769230768 0.1778846153846154 0.05048076923076923 0.10096153846153846
11 0.2860576923076923 0.19230769230769232 0.02403846153846154 0.11778846153846154
11 0.31490384615384615 0.18629807692307693 0.02403846153846154 0.12259615384615384
15 0.5012019230769231 0.17668269230769232 0.019230769230769232 0.10817307692307693
15 0.5300480769230769 0.18028846153846154 0.021634615384615384 0.0985576923076923
16 0.6947115384615384 0.18870192307692307 0.026442307692307692 0.0889423076923077
16 0.7259615384615384 0.1875 0.021634615384615384 0.09375
17 0.8557692307692307 0.1875 0.021634615384615384 0.08653846153846154
17 0.8798076923076923 0.1935096153846154 0.021634615384615384 0.09375
18 0.07572115384615384 0.45072115384615385 0.021634615384615384 0.08653846153846154
18 0.10336538461538461 0.4519230769230769 0.021634615384615384 0.0985576923076923
19 0.21875 0.43509615384615385 0.021634615384615384 0.07451923076923077
19 0.24158653846153846 0.43509615384615385 0.021634615384615384 0.08173076923076923
20 0.33653846153846156 0.4423076923076923 0.02403846153846154 0.07451923076923077
20 0.3581730769230769 0.4411057692307692 0.028846153846153848 0.06971153846153846
21 0.4735576923076923 0.44471153846153844 0.016826923076923076 0.07211538461538461
21 0.4963942307692308 0.44591346153846156 0.019230769230769232 0.06971153846153846
1 0.6153846153846154 0.4387019230769231 0.016826923076923076 0.07211538461538461
1 0.6358173076923077 0.43509615384615385 0.019230769230769232 0.06490384615384616
2 0.7704326923076923 0.43990384615384615 0.021634615384615384 0.0673076923076923
2 0.7980769230769231 0.4387019230769231 0.019230769230769232 0.07451923076923077
3 0.8990384615384616 0.4362980769230769 0.021634615384615384 0.06490384615384616
3 0.9266826923076923 0.4362980769230769 0.019230769230769232 0.0625
4 0.07211538461538461 0.6730769230769231 0.021634615384615384 0.06490384615384616
4 0.09495192307692307 0.6790865384615384 0.021634615384615384 0.055288461538461536
5 0.1971153846153846 0.6706730769230769 0.021634615384615384 0.055288461538461536
5 0.22115384615384615 0.6730769230769231 0.019230769230769232 0.055288461538461536
6 0.3425480769230769 0.6706730769230769 0.019230769230769232 0.06009615384615385
6 0.36538461538461536 0.6730769230769231 0.019230769230769232 0.052884615384615384
7 0.6358173076923077 0.6658653846153846 0.019230769230769232 0.05048076923076923
7 0.6598557692307693 0.6658653846153846 0.019230769230769232 0.04326923076923077
8 0.7536057692307693 0.6610576923076923 0.019230769230769232 0.04567307692307692
8 0.7716346153846154 0.6634615384615384 0.021634615384615384 0.04807692307692308
9 0.8930288461538461 0.6610576923076923 0.021634615384615384 0.04567307692307692
9 0.9122596153846154 0.6598557692307693 0.019230769230769232 0.04807692307692308
10 0.0829326923076923 0.8521634615384616 0.016826923076923076 0.036057692307692304
10 0.10096153846153846 0.8557692307692307 0.016826923076923076 0.03125
12 0.19471153846153846 0.8581730769230769 0.021634615384615384 0.036057692307692304
12 0.21394230769230768 0.859375 0.014423076923076924 0.04567307692307692
13 0.40384615384615385 0.8605769230769231 0.016826923076923076 0.028846153846153848
13 0.4326923076923077 0.8617788461538461 0.019230769230769232 0.03365384615384615
14 0.5697115384615384 0.8545673076923077 0.016826923076923076 0.04326923076923077
14 0.5901442307692307 0.8617788461538461 0.01201923076923077 0.03125
22 0.7752403846153846 0.8665865384615384 0.026442307692307692 0.07451923076923077
23 0.9254807692307693 0.8641826923076923 0.016826923076923076 0.04567307692307692