0 0.08173076923076923 0.2127403846153846 0.12740384615384615 0.18269230769230768
0 0.1622596153846154 0.17427884615384615 0.04807692307692308 0.2692307692307692
11 0.2776442307692308 0.18389423076923078 0.038461538461538464 0.2620192307692308
11 0.3317307692307692 0.18269230769230768 0.08173076923076923 0.25240384615384615
15 0.4675480769230769 0.19831730769230768 0.057692307692307696 0.20192307692307693
15 0.5204326923076923 0.20192307692307693 0.07211538461538461 0.16826923076923078
16 0.6766826923076923 0.19110576923076922 0.028846153846153848 0.21153846153846154
16 0.7175480769230769 0.19230769230769232 0.026442307692307692 0.20432692307692307
17 0.8545673076923077 0.20793269230769232 0.038461538461538464 0.21153846153846154
17 0.9038461538461539 0.20793269230769232 0.026442307692307692 0.20192307692307693
18 0.06610576923076923 0.45552884615384615 0.03365384615384615 0.19951923076923078
18 0.10576923076923077 0.4651442307692308 0.038461538461538464 0.18509615384615385
19 0.20072115384615385 0.4567307692307692 0.03365384615384615 0.18509615384615385
19 0.24158653846153846 0.4543269230769231 0.04326923076923077 0.16826923076923078
20 0.33774038461538464 0.4579326923076923 0.04807692307692308 0.15384615384615385
20 0.38100961538461536 0.4543269230769231 0.038461538461538464 0.15384615384615385
21 0.47475961538461536 0.44711538461538464 0.03365384615384615 0.1658653846153846
21 0.5132211538461539 0.44350961538461536 0.038461538461538464 0.16105769230769232
1 0.6153846153846154 0.46153846153846156 0.03125 0.14903846153846154
1 0.6514423076923077 0.46153846153846156 0.036057692307692304 0.1658653846153846
2 0.7620192307692307 0.46634615384615385 0.03125 0.14903846153846154
2 0.7992788461538461 0.4639423076923077 0.03125 0.1466346153846154
3 0.9002403846153846 0.4483173076923077 0.028846153846153848 0.15865384615384615
3 0.9423076923076923 0.44471153846153844 0.028846153846153848 0.15865384615384615
4 0.051682692307692304 0.6814903846153846 0.03125 0.11298076923076923
4 0.10336538461538461 0.6730769230769231 0.038461538461538464 0.12259615384615384
5 0.2091346153846154 0.6754807692307693 0.03365384615384615 0.11778846153846154
5 0.25 0.6754807692307693 0.03125 0.10096153846153846
6 0.34134615384615385 0.6802884615384616 0.03125 0.12259615384615384
6 0.3858173076923077 0.6826923076923077 0.04807692307692308 0.11778846153846154
7 0.6225961538461539 0.6766826923076923 0.04326923076923077 0.0985576923076923
7 0.6574519230769231 0.6682692307692307 0.036057692307692304 0.09375
8 0.7572115384615384 0.6742788461538461 0.03125 0.09375
8 0.7956730769230769 0.671875 0.03125 0.0985576923076923
9 0.8954326923076923 0.671875 0.028846153846153848 0.10576923076923077
9 0.9302884615384616 0.6682692307692307 0.028846153846153848 0.09615384615384616
10 0.07572115384615384 0.8677884615384616 0.019230769230769232 0.07211538461538461
10 0.10096153846153846 0.875 0.021634615384615384 0.07692307692307693
12 0.20072115384615385 0.8786057692307693 0.036057692307692304 0.08653846153846154
12 0.23918269230769232 0.8701923076923077 0.028846153846153848 0.08413461538461539
13 0.41225961538461536 0.8653846153846154 0.03365384615384615 0.0673076923076923
13 0.4423076923076923 0.8641826923076923 0.028846153846153848 0.0673076923076923
14 0.5492788461538461 0.8701923076923077 0.021634615384615384 0.052884615384615384
14 0.5817307692307693 0.8689903846153846 0.026442307692307692 0.07451923076923077
22 0.7487980769230769 0.8798076923076923 0.038461538461538464 0.1778846153846154
22 0.7980769230769231 0.8894230769230769 0.052884615384615384 0.11778846153846154