0 0.09975961538461539 0.17067307692307693 0.03125 0.125
0 0.12980769230769232 0.16947115384615385 0.03125 0.125
11 0.296875 0.1875 0.028846153846153848 0.11538461538461539
11 0.3245192307692308 0.18629807692307693 0.028846153846153848 0.11298076923076923
15 0.49038461538461536 0.17668269230769232 0.036057692307692304 0.09375
15 0.5252403846153846 0.17668269230769232 0.036057692307692304 0.09375
16 0.6887019230769231 0.18870192307692307 0.03125 0.0985576923076923
16 0.7199519230769231 0.18990384615384615 0.03125 0.0985576923076923
17 0.8822115384615384 0.18870192307692307 0.036057692307692304 0.0889423076923077
17 0.9170673076923077 0.18990384615384615 0.036057692307692304 0.0889423076923077
18 0.06971153846153846 0.4423076923076923 0.03125 0.07932692307692307
18 0.09975961538461539 0.43990384615384615 0.03125 0.07932692307692307
19 0.21033653846153846 0.4423076923076923 0.028846153846153848 0.09134615384615384
19 0.23918269230769232 0.44350961538461536 0.028846153846153848 0.09375
20 0.3485576923076923 0.4375 0.028846153846153848 0.08413461538461539
20 0.37740384615384615 0.4375 0.028846153846153848 0.08413461538461539
21 0.49038461538461536 0.4326923076923077 0.03125 0.07692307692307693
21 0.5204326923076923 0.4326923076923077 0.03125 0.07692307692307693
1 0.6225961538461539 0.4423076923076923 0.03365384615384615 0.07451923076923077
1 0.6586538461538461 0.4423076923076923 0.036057692307692304 0.07451923076923077
2 0.7680288461538461 0.4423076923076923 0.028846153846153848 0.08653846153846154
2 0.7932692307692307 0.44471153846153844 0.028846153846153848 0.08653846153846154
3 0.9098557692307693 0.4495192307692308 0.03365384615384615 0.07692307692307693
3 0.9399038461538461 0.4495192307692308 0.03365384615384615 0.07692307692307693
4 0.0673076923076923 0.6670673076923077 0.03125 0.06490384615384616
4 0.0985576923076923 0.6658653846153846 0.03125 0.06490384615384616
5 0.2127403846153846 0.6694711538461539 0.026442307692307692 0.0673076923076923
5 0.23798076923076922 0.6694711538461539 0.026442307692307692 0.0673076923076923
6 0.35096153846153844 0.6682692307692307 0.02403846153846154 0.06490384615384616
6 0.37740384615384615 0.6682692307692307 0.026442307692307692 0.06490384615384616
7 0.6274038461538461 0.6634615384615384 0.026442307692307692 0.055288461538461536
7 0.6502403846153846 0.6610576923076923 0.026442307692307692 0.055288461538461536
8 0.7680288461538461 0.6646634615384616 0.026442307692307692 0.052884615384615384
8 0.7932692307692307 0.6646634615384616 0.026442307692307692 0.052884615384615384
9 0.9074519230769231 0.6610576923076923 0.02403846153846154 0.07451923076923077
9 0.9302884615384616 0.6586538461538461 0.02403846153846154 0.07451923076923077
10 0.09014423076923077 0.8581730769230769 0.019230769230769232 0.05048076923076923
10 0.06610576923076923 0.8569711538461539 0.026442307692307692 0.04807692307692308
12 0.20793269230769232 0.8581730769230769 0.036057692307692304 0.052884615384615384
12 0.24278846153846154 0.8557692307692307 0.036057692307692304 0.052884615384615384
13 0.4206730769230769 0.8629807692307693 0.02403846153846154 0.04807692307692308
13 0.44350961538461536 0.8629807692307693 0.02403846153846154 0.04807692307692308
14 0.5769230769230769 0.8581730769230769 0.019230769230769232 0.055288461538461536
14 0.5576923076923077 0.8581730769230769 0.019230769230769232 0.055288461538461536
22 0.7752403846153846 0.8641826923076923 0.040865384615384616 0.08413461538461539
23 0.9194711538461539 0.8641826923076923 0.028846153846153848 0.07211538461538461