0 0.1045673076923077 0.17908653846153846 0.021634615384615384 0.13221153846153846
0 0.13221153846153846 0.17908653846153846 0.021634615384615384 0.13221153846153846
11 0.30528846153846156 0.17908653846153846 0.02403846153846154 0.12259615384615384
11 0.33533653846153844 0.18028846153846154 0.02403846153846154 0.12259615384615384
15 0.4987980769230769 0.1814903846153846 0.02403846153846154 0.10096153846153846
15 0.5288461538461539 0.1814903846153846 0.02403846153846154 0.10096153846153846
16 0.6694711538461539 0.19471153846153846 0.014423076923076924 0.10096153846153846
16 0.7007211538461539 0.203125 0.026442307692307692 0.09134615384615384
17 0.8617788461538461 0.1875 0.021634615384615384 0.10096153846153846
17 0.890625 0.18389423076923078 0.021634615384615384 0.09134615384615384
18 0.05889423076923077 0.453125 0.02403846153846154 0.08653846153846154
18 0.08413461538461539 0.4519230769230769 0.02403846153846154 0.08653846153846154
19 0.20432692307692307 0.4519230769230769 0.016826923076923076 0.08653846153846154
19 0.22956730769230768 0.4579326923076923 0.016826923076923076 0.08653846153846154
20 0.35096153846153844 0.4483173076923077 0.019230769230769232 0.07932692307692307
20 0.3786057692307692 0.4495192307692308 0.019230769230769232 0.07932692307692307
21 0.4795673076923077 0.45072115384615385 0.019230769230769232 0.0673076923076923
21 0.5048076923076923 0.4483173076923077 0.019230769230769232 0.0673076923076923
1 0.6346153846153846 0.4483173076923077 0.021634615384615384 0.07692307692307693
1 0.6598557692307693 0.4483173076923077 0.021634615384615384 0.07692307692307693
2 0.7548076923076923 0.44711538461538464 0.026442307692307692 0.0673076923076923
2 0.7860576923076923 0.44711538461538464 0.026442307692307692 0.0673076923076923
3 0.9002403846153846 0.4423076923076923 0.014423076923076924 0.06971153846153846
3 0.9266826923076923 0.4411057692307692 0.014423076923076924 0.06971153846153846
3 0.9242788461538461 0.4375 0.014423076923076924 0.06971153846153846
4 0.056490384615384616 0.6766826923076923 0.021634615384615384 0.057692307692307696
4 0.08653846153846154 0.6730769230769231 0.021634615384615384 0.057692307692307696
5 0.20072115384615385 0.6694711538461539 0.019230769230769232 0.0625
5 0.22596153846153846 0.6670673076923077 0.019230769230769232 0.0625
6 0.359375 0.6634615384615384 0.021634615384615384 0.0625
6 0.3858173076923077 0.6730769230769231 0.021634615384615384 0.0625
7 0.6322115384615384 0.6658653846153846 0.016826923076923076 0.055288461538461536
7 0.6586538461538461 0.6706730769230769 0.016826923076923076 0.055288461538461536
8 0.7548076923076923 0.6610576923076923 0.021634615384615384 0.055288461538461536
8 0.7824519230769231 0.6670673076923077 0.021634615384615384 0.055288461538461536
9 0.9122596153846154 0.6610576923076923 0.016826923076923076 0.05048076923076923
9 0.9362980769230769 0.6586538461538461 0.019230769230769232 0.04807692307692308
10 0.08173076923076923 0.8509615384615384 0.021634615384615384 0.040865384615384616
10 0.10336538461538461 0.8545673076923077 0.021634615384615384 0.040865384615384616
12 0.1971153846153846 0.859375 0.016826923076923076 0.04567307692307692
12 0.22355769230769232 0.8605769230769231 0.016826923076923076 0.04567307692307692
13 0.44711538461538464 0.859375 0.019230769230769232 0.036057692307692304
13 0.4254807692307692 0.8557692307692307 0.019230769230769232 0.03365384615384615
14 0.5625 0.8545673076923077 0.021634615384615384 0.038461538461538464
14 0.5913461538461539 0.8581730769230769 0.021634615384615384 0.038461538461538464
22 0.7584134615384616 0.8725961538461539 0.040865384615384616 0.07932692307692307
22 0.7908653846153846 0.8677884615384616 0.026442307692307692 0.08653846153846154