0 0.08413461538461539 0.1814903846153846 0.07451923076923077 0.19951923076923078
0 0.14182692307692307 0.18028846153846154 0.04807692307692308 0.20192307692307693
11 0.2848557692307692 0.18629807692307693 0.036057692307692304 0.19230769230769232
11 0.3329326923076923 0.18629807692307693 0.057692307692307696 0.1875
15 0.4879807692307692 0.1778846153846154 0.036057692307692304 0.18269230769230768
15 0.5216346153846154 0.1778846153846154 0.036057692307692304 0.18269230769230768
16 0.6742788461538461 0.18509615384615385 0.04567307692307692 0.15865384615384615
16 0.7163461538461539 0.18269230769230768 0.04567307692307692 0.15865384615384615
17 0.8713942307692307 0.19471153846153846 0.04567307692307692 0.13221153846153846
17 0.9146634615384616 0.19471153846153846 0.04567307692307692 0.13221153846153846
18 0.06490384615384616 0.44471153846153844 0.04567307692307692 0.15865384615384615
18 0.1045673076923077 0.44711538461538464 0.04567307692307692 0.15625
19 0.20192307692307693 0.4579326923076923 0.04567307692307692 0.1466346153846154
19 0.24519230769230768 0.4567307692307692 0.04567307692307692 0.1466346153846154
20 0.33774038461538464 0.4519230769230769 0.04326923076923077 0.15625
20 0.38221153846153844 0.4519230769230769 0.04326923076923077 0.15625
21 0.4831730769230769 0.4495192307692308 0.036057692307692304 0.13701923076923078
21 0.5180288461538461 0.4519230769230769 0.036057692307692304 0.1346153846153846
1 0.6225961538461539 0.44471153846153844 0.04326923076923077 0.12740384615384615
1 0.6598557692307693 0.44471153846153844 0.04326923076923077 0.12740384615384615
2 0.7620192307692307 0.4579326923076923 0.03125 0.13221153846153846
2 0.7956730769230769 0.46033653846153844 0.036057692307692304 0.13221153846153846
3 0.8990384615384616 0.44711538461538464 0.036057692307692304 0.14182692307692307
3 0.9338942307692307 0.44711538461538464 0.036057692307692304 0.14182692307692307
4 0.06490384615384616 0.6670673076923077 0.03365384615384615 0.10576923076923077
4 0.09735576923076923 0.6670673076923077 0.03365384615384615 0.10576923076923077
5 0.20673076923076922 0.6646634615384616 0.03365384615384615 0.11538461538461539
5 0.2403846153846154 0.6646634615384616 0.03365384615384615 0.11538461538461539
6 0.3473557692307692 0.6634615384615384 0.03365384615384615 0.09615384615384616
6 0.3798076923076923 0.6634615384615384 0.03365384615384615 0.09615384615384616
7 0.6237980769230769 0.671875 0.038461538461538464 0.10096153846153846
7 0.65625 0.671875 0.038461538461538464 0.10096153846153846
8 0.7608173076923077 0.6634615384615384 0.036057692307692304 0.11298076923076923
8 0.7944711538461539 0.6634615384615384 0.036057692307692304 0.11298076923076923
9 0.9026442307692307 0.6634615384615384 0.03125 0.0985576923076923
9 0.9350961538461539 0.6634615384615384 0.03125 0.0985576923076923
10 0.06129807692307692 0.8641826923076923 0.038461538461538464 0.0985576923076923
10 0.09975961538461539 0.8665865384615384 0.038461538461538464 0.0985576923076923
12 0.19831730769230768 0.8581730769230769 0.03125 0.07692307692307693
12 0.23317307692307693 0.8557692307692307 0.03125 0.07692307692307693
13 0.40865384615384615 0.8641826923076923 0.03365384615384615 0.08173076923076923
13 0.44350961538461536 0.8617788461538461 0.03365384615384615 0.08173076923076923
14 0.5504807692307693 0.859375 0.03365384615384615 0.07932692307692307
14 0.5841346153846154 0.859375 0.03365384615384615 0.07932692307692307
22 0.7704326923076923 0.8653846153846154 0.04326923076923077 0.13701923076923078
23 0.9182692307692307 0.8581730769230769 0.040865384615384616 0.0889423076923077