0 0.10336538461538461 0.17668269230769232 0.028846153846153848 0.16346153846153846
0 0.1310096153846154 0.18269230769230768 0.028846153846153848 0.16346153846153846
11 0.2956730769230769 0.17067307692307693 0.03365384615384615 0.14903846153846154
11 0.3329326923076923 0.20432692307692307 0.057692307692307696 0.10576923076923077
15 0.49278846153846156 0.17427884615384615 0.02403846153846154 0.1201923076923077
15 0.5264423076923077 0.20192307692307693 0.040865384615384616 0.06490384615384616
16 0.6838942307692307 0.19471153846153846 0.03365384615384615 0.10576923076923077
16 0.7139423076923077 0.19230769230769232 0.028846153846153848 0.10576923076923077
17 0.8858173076923077 0.1971153846153846 0.021634615384615384 0.11298076923076923
17 0.9098557692307693 0.1935096153846154 0.021634615384615384 0.11298076923076923
18 0.07211538461538461 0.44471153846153844 0.02403846153846154 0.10096153846153846
18 0.1045673076923077 0.44471153846153844 0.03125 0.0985576923076923
19 0.2091346153846154 0.44471153846153844 0.019230769230769232 0.0889423076923077
19 0.23197115384615385 0.44471153846153844 0.019230769230769232 0.0889423076923077
20 0.34375 0.4483173076923077 0.038461538461538464 0.07451923076923077
20 0.3762019230769231 0.4483173076923077 0.026442307692307692 0.08413461538461539
21 0.48677884615384615 0.44350961538461536 0.021634615384615384 0.07451923076923077
21 0.5120192307692307 0.43990384615384615 0.021634615384615384 0.07451923076923077
1 0.6310096153846154 0.4423076923076923 0.02403846153846154 0.0673076923076923
1 0.6574519230769231 0.4423076923076923 0.02403846153846154 0.0673076923076923
2 0.7692307692307693 0.4387019230769231 0.016826923076923076 0.08413461538461539
2 0.8016826923076923 0.45552884615384615 0.03365384615384615 0.06490384615384616
3 0.9050480769230769 0.4519230769230769 0.028846153846153848 0.07451923076923077
3 0.9338942307692307 0.4519230769230769 0.02403846153846154 0.07451923076923077
4 0.07451923076923077 0.6730769230769231 0.021634615384615384 0.06009615384615385
4 0.09495192307692307 0.6730769230769231 0.021634615384615384 0.06009615384615385
5 0.2091346153846154 0.6706730769230769 0.026442307692307692 0.0625
5 0.2283653846153846 0.6706730769230769 0.026442307692307692 0.0625
6 0.3473557692307692 0.6658653846153846 0.016826923076923076 0.06490384615384616
6 0.37259615384615385 0.6694711538461539 0.021634615384615384 0.0625
7 0.6225961538461539 0.65625 0.021634615384615384 0.055288461538461536
7 0.6538461538461539 0.6574519230769231 0.03125 0.04567307692307692
8 0.7716346153846154 0.6634615384615384 0.021634615384615384 0.04807692307692308
8 0.7944711538461539 0.6610576923076923 0.026442307692307692 0.055288461538461536
9 0.9098557692307693 0.6610576923076923 0.019230769230769232 0.04807692307692308
9 0.9302884615384616 0.6610576923076923 0.019230769230769232 0.055288461538461536
10 0.0733173076923077 0.8569711538461539 0.019230769230769232 0.04807692307692308
10 0.09735576923076923 0.8605769230769231 0.021634615384615384 0.04567307692307692
12 0.21634615384615385 0.8629807692307693 0.026442307692307692 0.03365384615384615
12 0.23677884615384615 0.8605769230769231 0.021634615384615384 0.038461538461538464
13 0.42427884615384615 0.8653846153846154 0.019230769230769232 0.036057692307692304
13 0.44350961538461536 0.8629807692307693 0.014423076923076924 0.03365384615384615
14 0.5612980769230769 0.8605769230769231 0.021634615384615384 0.04326923076923077
14 0.5817307692307693 0.8605769230769231 0.019230769230769232 0.04326923076923077
22 0.7992788461538461 0.8545673076923077 0.036057692307692304 0.057692307692307696
22 0.7668269230769231 0.8605769230769231 0.016826923076923076 0.07932692307692307