0 0.0889423076923077 0.171875 0.03365384615384615 0.20432692307692307
0 0.12980769230769232 0.17427884615384615 0.036057692307692304 0.20673076923076922
11 0.2860576923076923 0.18269230769230768 0.03365384615384615 0.18509615384615385
11 0.31490384615384615 0.1778846153846154 0.026442307692307692 0.21153846153846154
15 0.49759615384615385 0.17307692307692307 0.026442307692307692 0.17307692307692307
15 0.5276442307692307 0.16947115384615385 0.03365384615384615 0.18990384615384615
16 0.6899038461538461 0.203125 0.026442307692307692 0.13942307692307693
16 0.7235576923076923 0.20793269230769232 0.036057692307692304 0.13701923076923078
17 0.8713942307692307 0.20552884615384615 0.021634615384615384 0.15625
17 0.8942307692307693 0.20793269230769232 0.021634615384615384 0.16105769230769232
18 0.06370192307692307 0.44711538461538464 0.03125 0.1346153846153846
18 0.09254807692307693 0.4423076923076923 0.03125 0.15144230769230768
19 0.20432692307692307 0.4411057692307692 0.04807692307692308 0.11538461538461539
19 0.24278846153846154 0.4423076923076923 0.03125 0.14182692307692307
20 0.3317307692307692 0.45552884615384615 0.028846153846153848 0.125
20 0.36177884615384615 0.44711538461538464 0.03365384615384615 0.14903846153846154
21 0.4735576923076923 0.4362980769230769 0.04326923076923077 0.10576923076923077
21 0.5144230769230769 0.43149038461538464 0.036057692307692304 0.125
1 0.6286057692307693 0.4483173076923077 0.02403846153846154 0.10817307692307693
1 0.6610576923076923 0.46274038461538464 0.040865384615384616 0.08653846153846154
2 0.7548076923076923 0.44471153846153844 0.038461538461538464 0.10576923076923077
2 0.7836538461538461 0.4411057692307692 0.026442307692307692 0.12259615384615384
3 0.8942307692307693 0.4519230769230769 0.026442307692307692 0.125
3 0.9170673076923077 0.44591346153846156 0.019230769230769232 0.14903846153846154
4 0.06971153846153846 0.6706730769230769 0.03125 0.10817307692307693
4 0.0985576923076923 0.6766826923076923 0.026442307692307692 0.10576923076923077
5 0.20673076923076922 0.6742788461538461 0.03365384615384615 0.09375
5 0.24519230769230768 0.6766826923076923 0.02403846153846154 0.08413461538461539
6 0.3485576923076923 0.6802884615384616 0.028846153846153848 0.09134615384615384
6 0.37740384615384615 0.6850961538461539 0.021634615384615384 0.09375
7 0.6213942307692307 0.6634615384615384 0.021634615384615384 0.07932692307692307
7 0.6430288461538461 0.6622596153846154 0.019230769230769232 0.11057692307692307
8 0.7680288461538461 0.6670673076923077 0.03125 0.07932692307692307
8 0.7980769230769231 0.6694711538461539 0.02403846153846154 0.08653846153846154
9 0.9110576923076923 0.6706730769230769 0.036057692307692304 0.06971153846153846
9 0.9399038461538461 0.6670673076923077 0.02403846153846154 0.09134615384615384
10 0.06490384615384616 0.8641826923076923 0.038461538461538464 0.052884615384615384
10 0.10216346153846154 0.8665865384615384 0.026442307692307692 0.06009615384615385
12 0.20432692307692307 0.8641826923076923 0.026442307692307692 0.08413461538461539
12 0.23677884615384615 0.8677884615384616 0.028846153846153848 0.04807692307692308
13 0.4266826923076923 0.8689903846153846 0.026442307692307692 0.0625
13 0.4543269230769231 0.8665865384615384 0.019230769230769232 0.08413461538461539
14 0.5576923076923077 0.8689903846153846 0.019230769230769232 0.06490384615384616
14 0.5829326923076923 0.8737980769230769 0.019230769230769232 0.06490384615384616
22 0.765625 0.8641826923076923 0.028846153846153848 0.13221153846153846
22 0.7944711538461539 0.8629807692307693 0.028846153846153848 0.1466346153846154