0 0.07572115384615384 0.171875 0.028846153846153848 0.14903846153846154
0 0.10096153846153846 0.16947115384615385 0.028846153846153848 0.15625
11 0.3016826923076923 0.18990384615384615 0.026442307692307692 0.1466346153846154
11 0.33533653846153844 0.19591346153846154 0.026442307692307692 0.14182692307692307
15 0.49759615384615385 0.16346153846153846 0.03125 0.11298076923076923
15 0.5360576923076923 0.15384615384615385 0.04567307692307692 0.0889423076923077
16 0.6634615384615384 0.20072115384615385 0.026442307692307692 0.0985576923076923
16 0.6923076923076923 0.20072115384615385 0.03125 0.10576923076923077
17 0.8954326923076923 0.18629807692307693 0.02403846153846154 0.10576923076923077
17 0.921875 0.18629807692307693 0.021634615384615384 0.11057692307692307
18 0.05889423076923077 0.4519230769230769 0.028846153846153848 0.10336538461538461
18 0.0889423076923077 0.4519230769230769 0.028846153846153848 0.10336538461538461
19 0.21394230769230768 0.44471153846153844 0.026442307692307692 0.0889423076923077
19 0.24278846153846154 0.4423076923076923 0.026442307692307692 0.0889423076923077
20 0.3545673076923077 0.4495192307692308 0.02403846153846154 0.08653846153846154
20 0.38100961538461536 0.4495192307692308 0.02403846153846154 0.08653846153846154
21 0.47115384615384615 0.4483173076923077 0.021634615384615384 0.07451923076923077
21 0.49759615384615385 0.44711538461538464 0.021634615384615384 0.07451923076923077
1 0.6358173076923077 0.4567307692307692 0.019230769230769232 0.08413461538461539
1 0.6610576923076923 0.4567307692307692 0.019230769230769232 0.08413461538461539
2 0.7704326923076923 0.4543269230769231 0.02403846153846154 0.07932692307692307
2 0.8016826923076923 0.4519230769230769 0.026442307692307692 0.08653846153846154
3 0.8942307692307693 0.4543269230769231 0.02403846153846154 0.08653846153846154
3 0.9242788461538461 0.4543269230769231 0.02403846153846154 0.08653846153846154
4 0.06850961538461539 0.6766826923076923 0.016826923076923076 0.07451923076923077
4 0.09615384615384616 0.6778846153846154 0.016826923076923076 0.07451923076923077
5 0.21634615384615385 0.6730769230769231 0.021634615384615384 0.07451923076923077
5 0.24519230769230768 0.6730769230769231 0.021634615384615384 0.07451923076923077
6 0.35697115384615385 0.6766826923076923 0.019230769230769232 0.0673076923076923
6 0.38221153846153844 0.6730769230769231 0.021634615384615384 0.07451923076923077
7 0.625 0.6766826923076923 0.016826923076923076 0.0673076923076923
7 0.6454326923076923 0.6790865384615384 0.016826923076923076 0.0673076923076923
8 0.7596153846153846 0.6802884615384616 0.01201923076923077 0.0673076923076923
8 0.7800480769230769 0.6814903846153846 0.016826923076923076 0.0673076923076923
9 0.8942307692307693 0.6790865384615384 0.021634615384615384 0.055288461538461536
9 0.9158653846153846 0.6790865384615384 0.016826923076923076 0.06009615384615385
10 0.0829326923076923 0.8701923076923077 0.016826923076923076 0.05048076923076923
10 0.10336538461538461 0.8701923076923077 0.016826923076923076 0.05048076923076923
12 0.2283653846153846 0.8713942307692307 0.019230769230769232 0.04807692307692308
12 0.24879807692307693 0.8677884615384616 0.016826923076923076 0.04807692307692308
13 0.421875 0.8701923076923077 0.019230769230769232 0.04326923076923077
13 0.4495192307692308 0.8701923076923077 0.019230769230769232 0.04326923076923077
14 0.5661057692307693 0.859375 0.021634615384615384 0.038461538461538464
14 0.5865384615384616 0.8605769230769231 0.021634615384615384 0.04326923076923077
22 0.7572115384615384 0.8737980769230769 0.026442307692307692 0.0985576923076923
22 0.7824519230769231 0.8701923076923077 0.026442307692307692 0.0985576923076923