0 0.0733173076923077 0.2091346153846154 0.07451923076923077 0.10576923076923077
0 0.13221153846153846 0.17668269230769232 0.04326923076923077 0.17307692307692307
11 0.28365384615384615 0.18870192307692307 0.036057692307692304 0.15144230769230768
11 0.3233173076923077 0.18870192307692307 0.036057692307692304 0.15144230769230768
15 0.47596153846153844 0.20552884615384615 0.03365384615384615 0.13701923076923078
15 0.5288461538461539 0.2283653846153846 0.07211538461538461 0.09375
16 0.6790865384615384 0.19831730769230768 0.036057692307692304 0.125
16 0.7139423076923077 0.20072115384615385 0.036057692307692304 0.125
17 0.8701923076923077 0.20793269230769232 0.038461538461538464 0.10576923076923077
17 0.9110576923076923 0.19831730769230768 0.040865384615384616 0.1201923076923077
18 0.0673076923076923 0.4519230769230769 0.026442307692307692 0.11538461538461539
18 0.09735576923076923 0.4519230769230769 0.028846153846153848 0.11538461538461539
19 0.20673076923076922 0.44711538461538464 0.03125 0.10576923076923077
19 0.23677884615384615 0.44711538461538464 0.028846153846153848 0.10576923076923077
20 0.34134615384615385 0.4519230769230769 0.03125 0.0985576923076923
20 0.3713942307692308 0.4543269230769231 0.028846153846153848 0.0985576923076923
21 0.4855769230769231 0.4483173076923077 0.036057692307692304 0.0889423076923077
21 0.5240384615384616 0.45072115384615385 0.038461538461538464 0.0889423076923077
1 0.6201923076923077 0.4519230769230769 0.040865384615384616 0.09375
1 0.6610576923076923 0.4519230769230769 0.040865384615384616 0.09375
2 0.7596153846153846 0.44471153846153844 0.03125 0.09134615384615384
2 0.7884615384615384 0.44471153846153844 0.03125 0.09134615384615384
3 0.9014423076923077 0.4579326923076923 0.036057692307692304 0.09375
3 0.9350961538461539 0.4579326923076923 0.036057692307692304 0.09375
4 0.06971153846153846 0.6670673076923077 0.03365384615384615 0.07932692307692307
4 0.10216346153846154 0.6646634615384616 0.03365384615384615 0.07932692307692307
5 0.20552884615384615 0.6634615384615384 0.036057692307692304 0.06971153846153846
5 0.23918269230769232 0.6634615384615384 0.036057692307692304 0.06971153846153846
6 0.3401442307692308 0.6670673076923077 0.03365384615384615 0.07692307692307693
6 0.37259615384615385 0.6670673076923077 0.03365384615384615 0.07692307692307693
7 0.6237980769230769 0.6574519230769231 0.028846153846153848 0.10096153846153846
7 0.6550480769230769 0.6574519230769231 0.028846153846153848 0.10096153846153846
8 0.7608173076923077 0.6610576923076923 0.028846153846153848 0.0673076923076923
8 0.7908653846153846 0.6610576923076923 0.028846153846153848 0.0673076923076923
9 0.9014423076923077 0.6610576923076923 0.03125 0.0673076923076923
9 0.9302884615384616 0.6610576923076923 0.03125 0.0673076923076923
10 0.06370192307692307 0.8677884615384616 0.026442307692307692 0.06490384615384616
10 0.09615384615384616 0.8653846153846154 0.026442307692307692 0.06490384615384616
12 0.19951923076923078 0.8605769230769231 0.026442307692307692 0.06490384615384616
12 0.23197115384615385 0.8581730769230769 0.026442307692307692 0.06490384615384616
13 0.41346153846153844 0.8617788461538461 0.03365384615384615 0.05048076923076923
13 0.4483173076923077 0.8641826923076923 0.03365384615384615 0.05048076923076923
14 0.5516826923076923 0.8605769230769231 0.028846153846153848 0.06490384615384616
14 0.5805288461538461 0.8581730769230769 0.028846153846153848 0.06490384615384616
22 0.7764423076923077 0.8641826923076923 0.038461538461538464 0.10336538461538461
23 0.9134615384615384 0.8617788461538461 0.04567307692307692 0.08173076923076923