0 0.09014423076923077 0.17908653846153846 0.026442307692307692 0.14182692307692307
0 0.11298076923076923 0.17908653846153846 0.026442307692307692 0.14182692307692307
11 0.28846153846153844 0.18629807692307693 0.04567307692307692 0.12259615384615384
11 0.3293269230769231 0.1875 0.04567307692307692 0.12259615384615384
15 0.4831730769230769 0.18028846153846154 0.021634615384615384 0.11778846153846154
15 0.5120192307692307 0.18028846153846154 0.036057692307692304 0.11298076923076923
16 0.6887019230769231 0.19471153846153846 0.021634615384615384 0.10096153846153846
16 0.7115384615384616 0.1935096153846154 0.026442307692307692 0.10096153846153846
17 0.8882211538461539 0.18629807692307693 0.026442307692307692 0.10817307692307693
17 0.9122596153846154 0.18629807692307693 0.026442307692307692 0.10817307692307693
18 0.06610576923076923 0.44471153846153844 0.03125 0.10576923076923077
18 0.09254807692307693 0.44591346153846156 0.03125 0.10576923076923077
19 0.20673076923076922 0.4423076923076923 0.03125 0.0889423076923077
19 0.23677884615384615 0.44350961538461536 0.03125 0.0889423076923077
20 0.3485576923076923 0.4423076923076923 0.02403846153846154 0.08413461538461539
20 0.3701923076923077 0.4423076923076923 0.02403846153846154 0.08413461538461539
21 0.49038461538461536 0.4375 0.026442307692307692 0.07932692307692307
21 0.515625 0.4387019230769231 0.026442307692307692 0.07932692307692307
1 0.6262019230769231 0.44711538461538464 0.02403846153846154 0.07932692307692307
1 0.6478365384615384 0.44711538461538464 0.026442307692307692 0.07932692307692307
2 0.7668269230769231 0.44350961538461536 0.026442307692307692 0.07932692307692307
2 0.7896634615384616 0.4423076923076923 0.026442307692307692 0.07932692307692307
3 0.9110576923076923 0.44591346153846156 0.026442307692307692 0.08413461538461539
3 0.9326923076923077 0.4483173076923077 0.026442307692307692 0.08413461538461539
4 0.06610576923076923 0.6646634615384616 0.02403846153846154 0.06009615384615385
4 0.09014423076923077 0.6670673076923077 0.02403846153846154 0.06009615384615385
5 0.21153846153846154 0.6694711538461539 0.021634615384615384 0.07211538461538461
5 0.23317307692307693 0.6706730769230769 0.021634615384615384 0.06971153846153846
6 0.35096153846153844 0.6730769230769231 0.02403846153846154 0.0625
6 0.3737980769230769 0.6730769230769231 0.026442307692307692 0.0625
7 0.6298076923076923 0.6610576923076923 0.021634615384615384 0.055288461538461536
7 0.6502403846153846 0.6598557692307693 0.021634615384615384 0.055288461538461536
8 0.7692307692307693 0.6634615384615384 0.021634615384615384 0.06009615384615385
8 0.7908653846153846 0.6634615384615384 0.021634615384615384 0.06009615384615385
9 0.9026442307692307 0.6610576923076923 0.02403846153846154 0.04807692307692308
9 0.9242788461538461 0.6610576923076923 0.02403846153846154 0.04807692307692308
10 0.06129807692307692 0.8617788461538461 0.021634615384615384 0.04807692307692308
10 0.0829326923076923 0.8617788461538461 0.021634615384615384 0.04807692307692308
12 0.20793269230769232 0.8617788461538461 0.026442307692307692 0.055288461538461536
12 0.23317307692307693 0.8641826923076923 0.026442307692307692 0.055288461538461536
13 0.4182692307692308 0.8641826923076923 0.026442307692307692 0.05048076923076923
13 0.43990384615384615 0.8641826923076923 0.026442307692307692 0.05048076923076923
14 0.5516826923076923 0.8617788461538461 0.028846153846153848 0.04807692307692308
14 0.5745192307692307 0.8641826923076923 0.026442307692307692 0.052884615384615384
22 0.7740384615384616 0.859375 0.03125 0.09134615384615384
23 0.9230769230769231 0.8677884615384616 0.03125 0.0625