0 0.09735576923076923 0.16947115384615385 0.03365384615384615 0.15625
0 0.12980769230769232 0.17067307692307693 0.03125 0.15625
11 0.3004807692307692 0.18629807692307693 0.03125 0.14903846153846154
11 0.3401442307692308 0.18509615384615385 0.03125 0.14903846153846154
15 0.49158653846153844 0.17307692307692307 0.028846153846153848 0.14423076923076922
15 0.5180288461538461 0.17427884615384615 0.028846153846153848 0.14423076923076922
16 0.6862980769230769 0.1935096153846154 0.03365384615384615 0.12980769230769232
16 0.7223557692307693 0.1935096153846154 0.03365384615384615 0.12980769230769232
17 0.8810096153846154 0.1935096153846154 0.03125 0.125
17 0.9134615384615384 0.1935096153846154 0.03125 0.125
18 0.06971153846153846 0.4362980769230769 0.036057692307692304 0.12259615384615384
18 0.1045673076923077 0.4362980769230769 0.036057692307692304 0.12259615384615384
19 0.19591346153846154 0.44711538461538464 0.04807692307692308 0.10576923076923077
19 0.24639423076923078 0.44711538461538464 0.052884615384615384 0.11057692307692307
20 0.3389423076923077 0.4519230769230769 0.038461538461538464 0.10336538461538461
20 0.3786057692307692 0.45072115384615385 0.038461538461538464 0.10336538461538461
21 0.48677884615384615 0.4411057692307692 0.028846153846153848 0.10096153846153846
21 0.5180288461538461 0.4387019230769231 0.028846153846153848 0.10096153846153846
1 0.6225961538461539 0.4387019230769231 0.03365384615384615 0.10576923076923077
1 0.65625 0.4375 0.03365384615384615 0.10576923076923077
2 0.7980769230769231 0.4338942307692308 0.038461538461538464 0.0985576923076923
2 0.7620192307692307 0.4362980769230769 0.03365384615384615 0.0985576923076923
3 0.8954326923076923 0.4495192307692308 0.028846153846153848 0.10096153846153846
3 0.9350961538461539 0.4483173076923077 0.028846153846153848 0.10096153846153846
4 0.06971153846153846 0.6658653846153846 0.03125 0.07451923076923077
4 0.09975961538461539 0.6658653846153846 0.03125 0.07451923076923077
5 0.21153846153846154 0.6670673076923077 0.026442307692307692 0.07451923076923077
5 0.23557692307692307 0.6658653846153846 0.026442307692307692 0.07451923076923077
6 0.33533653846153844 0.6706730769230769 0.02403846153846154 0.07451923076923077
6 0.36177884615384615 0.6730769230769231 0.026442307692307692 0.07451923076923077
7 0.6310096153846154 0.6598557692307693 0.03125 0.06971153846153846
7 0.6610576923076923 0.65625 0.03125 0.06971153846153846
8 0.7680288461538461 0.6658653846153846 0.03125 0.06490384615384616
8 0.7992788461538461 0.6658653846153846 0.03125 0.06490384615384616
9 0.9074519230769231 0.6682692307692307 0.038461538461538464 0.0625
9 0.9447115384615384 0.6670673076923077 0.038461538461538464 0.0625
10 0.07572115384615384 0.8653846153846154 0.03125 0.06971153846153846
10 0.1045673076923077 0.8677884615384616 0.03125 0.07211538461538461
12 0.19831730769230768 0.8581730769230769 0.026442307692307692 0.07451923076923077
12 0.24278846153846154 0.859375 0.026442307692307692 0.07451923076923077
13 0.4170673076923077 0.8641826923076923 0.038461538461538464 0.04807692307692308
13 0.45552884615384615 0.8641826923076923 0.038461538461538464 0.04807692307692308
14 0.5420673076923077 0.8581730769230769 0.03125 0.055288461538461536
14 0.5733173076923077 0.8581730769230769 0.03125 0.055288461538461536
22 0.7776442307692307 0.8762019230769231 0.03365384615384615 0.11057692307692307
23 0.8954326923076923 0.8581730769230769 0.036057692307692304 0.06009615384615385