0 0.0829326923076923 0.18389423076923078 0.057692307692307696 0.15384615384615385
0 0.14182692307692307 0.18269230769230768 0.06009615384615385 0.15384615384615385
11 0.28846153846153844 0.19230769230769232 0.057692307692307696 0.12740384615384615
11 0.34615384615384615 0.21033653846153846 0.057692307692307696 0.12980769230769232
15 0.4879807692307692 0.18269230769230768 0.028846153846153848 0.14903846153846154
15 0.515625 0.1814903846153846 0.028846153846153848 0.14903846153846154
16 0.6862980769230769 0.19591346153846154 0.028846153846153848 0.12259615384615384
16 0.7151442307692307 0.19591346153846154 0.028846153846153848 0.12259615384615384
17 0.8846153846153846 0.19471153846153846 0.04326923076923077 0.11778846153846154
17 0.9266826923076923 0.19230769230769232 0.04567307692307692 0.11778846153846154
18 0.06610576923076923 0.44711538461538464 0.03125 0.12980769230769232
18 0.09615384615384616 0.44471153846153844 0.03125 0.12980769230769232
19 0.20793269230769232 0.4483173076923077 0.03365384615384615 0.11538461538461539
19 0.2403846153846154 0.4483173076923077 0.03365384615384615 0.11538461538461539
20 0.3473557692307692 0.4483173076923077 0.03365384615384615 0.10576923076923077
20 0.38221153846153844 0.4495192307692308 0.03365384615384615 0.10576923076923077
21 0.48197115384615385 0.4483173076923077 0.036057692307692304 0.0889423076923077
21 0.5168269230769231 0.44471153846153844 0.036057692307692304 0.0889423076923077
1 0.6262019230769231 0.4483173076923077 0.03125 0.10336538461538461
1 0.6574519230769231 0.44711538461538464 0.03125 0.10336538461538461
2 0.7692307692307693 0.43509615384615385 0.028846153846153848 0.11057692307692307
2 0.7956730769230769 0.43509615384615385 0.028846153846153848 0.11057692307692307
3 0.90625 0.4483173076923077 0.028846153846153848 0.10576923076923077
3 0.9362980769230769 0.45072115384615385 0.028846153846153848 0.10576923076923077
4 0.0673076923076923 0.6754807692307693 0.026442307692307692 0.09615384615384616
4 0.09375 0.6730769230769231 0.026442307692307692 0.09615384615384616
5 0.21514423076923078 0.6766826923076923 0.028846153846153848 0.09375
5 0.2439903846153846 0.6742788461538461 0.028846153846153848 0.09375
6 0.35697115384615385 0.6766826923076923 0.021634615384615384 0.08653846153846154
6 0.3786057692307692 0.6754807692307693 0.021634615384615384 0.08653846153846154
7 0.6189903846153846 0.6634615384615384 0.028846153846153848 0.07932692307692307
7 0.6466346153846154 0.6634615384615384 0.028846153846153848 0.07932692307692307
8 0.7704326923076923 0.6658653846153846 0.019230769230769232 0.06971153846153846
8 0.7884615384615384 0.6658653846153846 0.019230769230769232 0.06971153846153846
9 0.9134615384615384 0.6670673076923077 0.028846153846153848 0.0673076923076923
9 0.9411057692307693 0.6694711538461539 0.028846153846153848 0.0673076923076923
10 0.06610576923076923 0.8581730769230769 0.028846153846153848 0.06009615384615385
10 0.09254807692307693 0.8581730769230769 0.028846153846153848 0.06009615384615385
12 0.20793269230769232 0.8581730769230769 0.026442307692307692 0.06490384615384616
12 0.23317307692307693 0.859375 0.026442307692307692 0.0673076923076923
13 0.41586538461538464 0.8629807692307693 0.021634615384615384 0.052884615384615384
13 0.4375 0.8629807692307693 0.021634615384615384 0.052884615384615384
14 0.5612980769230769 0.8677884615384616 0.021634615384615384 0.0625
14 0.5817307692307693 0.8677884615384616 0.019230769230769232 0.0625
22 0.7584134615384616 0.8737980769230769 0.05048076923076923 0.0673076923076923
22 0.796875 0.8605769230769231 0.03365384615384615 0.09134615384615384