0 0.11538461538461539 0.18389423076923078 0.02403846153846154 0.1466346153846154
0 0.14182692307692307 0.18629807692307693 0.019230769230769232 0.1466346153846154
11 0.2668269230769231 0.18269230769230768 0.028846153846153848 0.13221153846153846
11 0.2920673076923077 0.18269230769230768 0.028846153846153848 0.13221153846153846
15 0.4723557692307692 0.17548076923076922 0.02403846153846154 0.11298076923076923
15 0.5012019230769231 0.171875 0.02403846153846154 0.11538461538461539
16 0.6550480769230769 0.18269230769230768 0.02403846153846154 0.11057692307692307
16 0.6875 0.18509615384615385 0.02403846153846154 0.11057692307692307
17 0.8713942307692307 0.18870192307692307 0.028846153846153848 0.10576923076923077
17 0.9074519230769231 0.18990384615384615 0.026442307692307692 0.10336538461538461
18 0.06009615384615385 0.44350961538461536 0.026442307692307692 0.09375
18 0.08653846153846154 0.4423076923076923 0.02403846153846154 0.0985576923076923
19 0.19471153846153846 0.4495192307692308 0.03365384615384615 0.08653846153846154
19 0.22355769230769232 0.453125 0.03365384615384615 0.08653846153846154
20 0.3545673076923077 0.4387019230769231 0.021634615384615384 0.08653846153846154
20 0.3786057692307692 0.4423076923076923 0.028846153846153848 0.08173076923076923
21 0.49038461538461536 0.44350961538461536 0.016826923076923076 0.07932692307692307
21 0.5204326923076923 0.4423076923076923 0.026442307692307692 0.07451923076923077
1 0.6346153846153846 0.4495192307692308 0.02403846153846154 0.08653846153846154
1 0.6610576923076923 0.4483173076923077 0.026442307692307692 0.08653846153846154
2 0.75 0.44471153846153844 0.028846153846153848 0.07692307692307693
2 0.7764423076923077 0.44471153846153844 0.02403846153846154 0.0889423076923077
3 0.9110576923076923 0.44350961538461536 0.02403846153846154 0.07211538461538461
3 0.9375 0.44471153846153844 0.02403846153846154 0.07451923076923077
4 0.08052884615384616 0.6754807692307693 0.021634615384615384 0.06490384615384616
4 0.10576923076923077 0.6742788461538461 0.02403846153846154 0.06490384615384616
5 0.21754807692307693 0.6754807692307693 0.026442307692307692 0.06009615384615385
5 0.2403846153846154 0.6730769230769231 0.021634615384615384 0.06009615384615385
6 0.34615384615384615 0.6754807692307693 0.019230769230769232 0.0625
6 0.3701923076923077 0.6766826923076923 0.021634615384615384 0.06009615384615385
7 0.6141826923076923 0.6574519230769231 0.021634615384615384 0.06009615384615385
7 0.6418269230769231 0.6610576923076923 0.028846153846153848 0.04567307692307692
8 0.7776442307692307 0.6634615384615384 0.019230769230769232 0.055288461538461536
8 0.8004807692307693 0.6658653846153846 0.019230769230769232 0.055288461538461536
9 0.9134615384615384 0.6682692307692307 0.019230769230769232 0.04807692307692308
9 0.9362980769230769 0.6670673076923077 0.021634615384615384 0.05048076923076923
10 0.08413461538461539 0.8545673076923077 0.021634615384615384 0.04326923076923077
10 0.10096153846153846 0.8581730769230769 0.021634615384615384 0.038461538461538464
12 0.21995192307692307 0.8605769230769231 0.019230769230769232 0.04326923076923077
12 0.23918269230769232 0.8605769230769231 0.02403846153846154 0.04326923076923077
13 0.41947115384615385 0.8581730769230769 0.019230769230769232 0.038461538461538464
13 0.43990384615384615 0.8605769230769231 0.021634615384615384 0.038461538461538464
14 0.5661057692307693 0.8533653846153846 0.019230769230769232 0.04807692307692308
14 0.5877403846153846 0.8605769230769231 0.019230769230769232 0.036057692307692304
22 0.7752403846153846 0.8689903846153846 0.02403846153846154 0.0889423076923077
23 0.921875 0.8677884615384616 0.019230769230769232 0.040865384615384616