0 0.10096153846153846 0.17668269230769232 0.04326923076923077 0.16105769230769232
0 0.14423076923076922 0.1778846153846154 0.04326923076923077 0.16105769230769232
11 0.2824519230769231 0.18269230769230768 0.038461538461538464 0.14903846153846154
11 0.31971153846153844 0.18028846153846154 0.038461538461538464 0.14903846153846154
15 0.5024038461538461 0.18269230769230768 0.03365384615384615 0.125
15 0.5384615384615384 0.18269230769230768 0.03365384615384615 0.125
16 0.6947115384615384 0.18028846153846154 0.036057692307692304 0.11778846153846154
16 0.7283653846153846 0.1778846153846154 0.036057692307692304 0.11778846153846154
17 0.8858173076923077 0.1935096153846154 0.03365384615384615 0.14182692307692307
17 0.9206730769230769 0.1935096153846154 0.03365384615384615 0.14182692307692307
18 0.07211538461538461 0.4362980769230769 0.021634615384615384 0.11538461538461539
18 0.0985576923076923 0.43509615384615385 0.026442307692307692 0.11057692307692307
19 0.19591346153846154 0.44591346153846156 0.028846153846153848 0.10576923076923077
19 0.2283653846153846 0.44471153846153844 0.028846153846153848 0.10576923076923077
20 0.35216346153846156 0.453125 0.026442307692307692 0.10096153846153846
20 0.3798076923076923 0.453125 0.026442307692307692 0.10096153846153846
21 0.4735576923076923 0.4483173076923077 0.03365384615384615 0.10817307692307693
21 0.5048076923076923 0.44591346153846156 0.03365384615384615 0.10817307692307693
1 0.6286057692307693 0.44350961538461536 0.028846153846153848 0.0985576923076923
1 0.6610576923076923 0.4423076923076923 0.03125 0.0985576923076923
2 0.7680288461538461 0.4362980769230769 0.03125 0.09375
2 0.7980769230769231 0.4362980769230769 0.028846153846153848 0.09375
3 0.8942307692307693 0.44591346153846156 0.028846153846153848 0.10817307692307693
3 0.9278846153846154 0.4423076923076923 0.028846153846153848 0.10817307692307693
4 0.06129807692307692 0.6802884615384616 0.026442307692307692 0.0889423076923077
4 0.09134615384615384 0.6802884615384616 0.026442307692307692 0.0889423076923077
5 0.21394230769230768 0.6766826923076923 0.026442307692307692 0.08413461538461539
5 0.2439903846153846 0.6766826923076923 0.026442307692307692 0.08413461538461539
6 0.35096153846153844 0.6814903846153846 0.02403846153846154 0.07451923076923077
6 0.3786057692307692 0.6814903846153846 0.026442307692307692 0.07451923076923077
7 0.6322115384615384 0.6766826923076923 0.03125 0.06971153846153846
7 0.6634615384615384 0.6754807692307693 0.03125 0.06971153846153846
8 0.7536057692307693 0.6634615384615384 0.028846153846153848 0.07211538461538461
8 0.78125 0.6658653846153846 0.028846153846153848 0.06971153846153846
9 0.8942307692307693 0.6670673076923077 0.019230769230769232 0.07211538461538461
9 0.9182692307692307 0.6658653846153846 0.019230769230769232 0.06971153846153846
10 0.057692307692307696 0.8605769230769231 0.026442307692307692 0.05048076923076923
10 0.08413461538461539 0.8605769230769231 0.026442307692307692 0.05048076923076923
12 0.21514423076923078 0.8581730769230769 0.026442307692307692 0.06009615384615385
12 0.2439903846153846 0.8581730769230769 0.026442307692307692 0.06009615384615385
13 0.4182692307692308 0.8689903846153846 0.026442307692307692 0.055288461538461536
13 0.44471153846153844 0.8689903846153846 0.026442307692307692 0.055288461538461536
14 0.5685096153846154 0.8629807692307693 0.028846153846153848 0.06009615384615385
14 0.5949519230769231 0.8629807692307693 0.028846153846153848 0.06009615384615385
22 0.7692307692307693 0.8737980769230769 0.028846153846153848 0.0985576923076923
23 0.9242788461538461 0.8677884615384616 0.038461538461538464 0.07451923076923077