0 0.0673076923076923 0.20432692307692307 0.028846153846153848 0.20432692307692307
11 0.10216346153846154 0.21634615384615385 0.04567307692307692 0.1658653846153846
11 0.2932692307692308 0.18870192307692307 0.05048076923076923 0.16105769230769232
11 0.34375 0.19230769230769232 0.038461538461538464 0.15625
15 0.4723557692307692 0.23798076923076922 0.0625 0.0673076923076923
15 0.5144230769230769 0.21153846153846154 0.05048076923076923 0.11538461538461539
16 0.6634615384615384 0.21514423076923078 0.028846153846153848 0.14182692307692307
16 0.6862980769230769 0.21754807692307693 0.028846153846153848 0.1346153846153846
17 0.8894230769230769 0.20192307692307693 0.028846153846153848 0.125
17 0.9230769230769231 0.20072115384615385 0.028846153846153848 0.11538461538461539
18 0.05889423076923077 0.4519230769230769 0.026442307692307692 0.12259615384615384
18 0.09014423076923077 0.453125 0.028846153846153848 0.125
19 0.21394230769230768 0.45072115384615385 0.028846153846153848 0.11298076923076923
19 0.2439903846153846 0.4519230769230769 0.03125 0.10576923076923077
20 0.3425480769230769 0.45913461538461536 0.026442307692307692 0.09375
20 0.37740384615384615 0.4567307692307692 0.028846153846153848 0.0985576923076923
21 0.4891826923076923 0.4579326923076923 0.036057692307692304 0.11057692307692307
21 0.5180288461538461 0.4519230769230769 0.026442307692307692 0.0985576923076923
1 0.6033653846153846 0.4543269230769231 0.026442307692307692 0.09615384615384616
1 0.6298076923076923 0.45552884615384615 0.028846153846153848 0.0985576923076923
2 0.7692307692307693 0.47115384615384615 0.026442307692307692 0.10096153846153846
2 0.8016826923076923 0.46153846153846156 0.03125 0.10576923076923077
3 0.9014423076923077 0.4519230769230769 0.028846153846153848 0.0985576923076923
3 0.9338942307692307 0.47115384615384615 0.040865384615384616 0.0673076923076923
4 0.06009615384615385 0.6947115384615384 0.026442307692307692 0.07692307692307693
4 0.08533653846153846 0.6923076923076923 0.02403846153846154 0.08413461538461539
5 0.20072115384615385 0.6826923076923077 0.028846153846153848 0.07692307692307693
5 0.23197115384615385 0.6875 0.028846153846153848 0.07692307692307693
6 0.3581730769230769 0.6850961538461539 0.021634615384615384 0.09375
6 0.38221153846153844 0.6923076923076923 0.02403846153846154 0.0673076923076923
7 0.640625 0.6766826923076923 0.03125 0.0673076923076923
7 0.6670673076923077 0.6766826923076923 0.026442307692307692 0.07211538461538461
8 0.7800480769230769 0.6706730769230769 0.026442307692307692 0.055288461538461536
8 0.8028846153846154 0.6706730769230769 0.02403846153846154 0.06490384615384616
9 0.9170673076923077 0.6706730769230769 0.02403846153846154 0.06009615384615385
9 0.9411057692307693 0.6706730769230769 0.026442307692307692 0.0625
10 0.0733173076923077 0.8677884615384616 0.021634615384615384 0.055288461538461536
10 0.0985576923076923 0.8689903846153846 0.026442307692307692 0.057692307692307696
12 0.21394230769230768 0.8629807692307693 0.021634615384615384 0.052884615384615384
12 0.2403846153846154 0.8677884615384616 0.028846153846153848 0.055288461538461536
13 0.4050480769230769 0.8653846153846154 0.028846153846153848 0.036057692307692304
13 0.4326923076923077 0.875 0.026442307692307692 0.038461538461538464
14 0.5528846153846154 0.8641826923076923 0.026442307692307692 0.055288461538461536
14 0.5757211538461539 0.8701923076923077 0.02403846153846154 0.04326923076923077
22 0.7487980769230769 0.8737980769230769 0.03365384615384615 0.10576923076923077
22 0.7848557692307693 0.8677884615384616 0.026442307692307692 0.125