0 0.07692307692307693 0.18028846153846154 0.021634615384615384 0.1346153846153846
0 0.11658653846153846 0.18269230769230768 0.03125 0.13701923076923078
11 0.27283653846153844 0.18629807692307693 0.028846153846153848 0.1346153846153846
11 0.30288461538461536 0.1875 0.028846153846153848 0.13221153846153846
15 0.5024038461538461 0.17548076923076922 0.021634615384615384 0.11057692307692307
15 0.53125 0.17908653846153846 0.03125 0.11057692307692307
16 0.6634615384615384 0.18269230769230768 0.02403846153846154 0.0985576923076923
16 0.6887019230769231 0.18629807692307693 0.026442307692307692 0.10096153846153846
17 0.8918269230769231 0.18028846153846154 0.026442307692307692 0.10576923076923077
17 0.9194711538461539 0.18389423076923078 0.03125 0.09615384615384616
18 0.051682692307692304 0.44591346153846156 0.02403846153846154 0.09375
18 0.07692307692307693 0.4495192307692308 0.03125 0.10576923076923077
19 0.21634615384615385 0.4423076923076923 0.02403846153846154 0.08653846153846154
19 0.24158653846153846 0.43990384615384615 0.03125 0.08653846153846154
20 0.34615384615384615 0.4483173076923077 0.028846153846153848 0.07932692307692307
20 0.3762019230769231 0.453125 0.03125 0.07932692307692307
21 0.49278846153846156 0.4483173076923077 0.02403846153846154 0.07451923076923077
21 0.5192307692307693 0.4495192307692308 0.028846153846153848 0.07451923076923077
1 0.6310096153846154 0.44591346153846156 0.026442307692307692 0.07451923076923077
1 0.6574519230769231 0.4495192307692308 0.02403846153846154 0.08413461538461539
2 0.7512019230769231 0.44471153846153844 0.021634615384615384 0.07692307692307693
2 0.7752403846153846 0.44591346153846156 0.02403846153846154 0.07692307692307693
3 0.8882211538461539 0.4483173076923077 0.021634615384615384 0.07451923076923077
3 0.9110576923076923 0.4519230769230769 0.021634615384615384 0.08413461538461539
4 0.07211538461538461 0.6730769230769231 0.02403846153846154 0.057692307692307696
4 0.09735576923076923 0.6694711538461539 0.019230769230769232 0.0625
5 0.19591346153846154 0.6814903846153846 0.028846153846153848 0.0625
5 0.22115384615384615 0.6814903846153846 0.019230769230769232 0.0673076923076923
6 0.3401442307692308 0.6766826923076923 0.019230769230769232 0.06009615384615385
6 0.36538461538461536 0.6826923076923077 0.026442307692307692 0.0625
7 0.6286057692307693 0.6634615384615384 0.026442307692307692 0.05048076923076923
7 0.65625 0.6634615384615384 0.028846153846153848 0.052884615384615384
8 0.7524038461538461 0.6658653846153846 0.019230769230769232 0.04807692307692308
8 0.7788461538461539 0.6646634615384616 0.02403846153846154 0.052884615384615384
9 0.9122596153846154 0.6586538461538461 0.019230769230769232 0.055288461538461536
9 0.9375 0.6634615384615384 0.021634615384615384 0.052884615384615384
10 0.08052884615384616 0.8617788461538461 0.014423076923076924 0.04807692307692308
10 0.10216346153846154 0.8605769230769231 0.019230769230769232 0.04326923076923077
12 0.1935096153846154 0.8617788461538461 0.021634615384615384 0.04807692307692308
12 0.21514423076923078 0.8605769230769231 0.026442307692307692 0.04807692307692308
13 0.4254807692307692 0.8617788461538461 0.021634615384615384 0.03125
13 0.4495192307692308 0.8677884615384616 0.021634615384615384 0.036057692307692304
14 0.5408653846153846 0.8629807692307693 0.019230769230769232 0.03365384615384615
14 0.5588942307692307 0.8617788461538461 0.019230769230769232 0.04807692307692308
22 0.7860576923076923 0.8701923076923077 0.028846153846153848 0.08653846153846154
23 0.9122596153846154 0.8533653846153846 0.02403846153846154 0.04807692307692308