0 0.0889423076923077 0.17668269230769232 0.03125 0.15625
0 0.12139423076923077 0.17668269230769232 0.03125 0.15625
11 0.28725961538461536 0.18389423076923078 0.02403846153846154 0.14903846153846154
11 0.31850961538461536 0.18269230769230768 0.02403846153846154 0.14903846153846154
15 0.47716346153846156 0.17668269230769232 0.028846153846153848 0.11778846153846154
15 0.5084134615384616 0.17668269230769232 0.028846153846153848 0.11778846153846154
16 0.6802884615384616 0.18389423076923078 0.026442307692307692 0.125
16 0.7067307692307693 0.18629807692307693 0.026442307692307692 0.125
17 0.8677884615384616 0.1875 0.028846153846153848 0.11778846153846154
17 0.8954326923076923 0.1875 0.028846153846153848 0.11778846153846154
18 0.06850961538461539 0.4495192307692308 0.03365384615384615 0.10576923076923077
18 0.09975961538461539 0.4495192307692308 0.03365384615384615 0.10576923076923077
19 0.20552884615384615 0.4543269230769231 0.03365384615384615 0.10096153846153846
19 0.23677884615384615 0.4519230769230769 0.03365384615384615 0.10096153846153846
20 0.3425480769230769 0.44711538461538464 0.021634615384615384 0.09375
20 0.36899038461538464 0.44591346153846156 0.02403846153846154 0.09375
21 0.4831730769230769 0.4483173076923077 0.026442307692307692 0.09375
21 0.5084134615384616 0.4483173076923077 0.02403846153846154 0.09375
1 0.625 0.4387019230769231 0.028846153846153848 0.09375
1 0.6538461538461539 0.4375 0.028846153846153848 0.09375
2 0.7644230769230769 0.4423076923076923 0.02403846153846154 0.0985576923076923
2 0.7908653846153846 0.43990384615384615 0.02403846153846154 0.0985576923076923
3 0.8978365384615384 0.4423076923076923 0.021634615384615384 0.10096153846153846
3 0.9266826923076923 0.4411057692307692 0.028846153846153848 0.10096153846153846
4 0.0673076923076923 0.6694711538461539 0.026442307692307692 0.07211538461538461
4 0.09134615384615384 0.6694711538461539 0.021634615384615384 0.07211538461538461
5 0.2091346153846154 0.6670673076923077 0.028846153846153848 0.07692307692307693
5 0.23677884615384615 0.6646634615384616 0.026442307692307692 0.07932692307692307
6 0.34615384615384615 0.6634615384615384 0.021634615384615384 0.07932692307692307
6 0.3701923076923077 0.6634615384615384 0.021634615384615384 0.07932692307692307
7 0.6213942307692307 0.6646634615384616 0.021634615384615384 0.07451923076923077
7 0.6490384615384616 0.6646634615384616 0.021634615384615384 0.07451923076923077
8 0.765625 0.6634615384615384 0.021634615384615384 0.06971153846153846
8 0.7872596153846154 0.6634615384615384 0.021634615384615384 0.06971153846153846
9 0.9014423076923077 0.6622596153846154 0.026442307692307692 0.06971153846153846
9 0.9266826923076923 0.6634615384615384 0.026442307692307692 0.07211538461538461
10 0.06850961538461539 0.859375 0.026442307692307692 0.052884615384615384
10 0.09615384615384616 0.859375 0.026442307692307692 0.052884615384615384
12 0.20552884615384615 0.8641826923076923 0.026442307692307692 0.06009615384615385
12 0.23076923076923078 0.8629807692307693 0.026442307692307692 0.06009615384615385
13 0.41225961538461536 0.8617788461538461 0.02403846153846154 0.057692307692307696
13 0.4375 0.8605769230769231 0.02403846153846154 0.057692307692307696
14 0.5576923076923077 0.859375 0.026442307692307692 0.06009615384615385
14 0.5841346153846154 0.859375 0.026442307692307692 0.06009615384615385
22 0.7620192307692307 0.8701923076923077 0.03125 0.09375
22 0.7920673076923077 0.8701923076923077 0.03125 0.09375