0 0.109375 0.17668269230769232 0.021634615384615384 0.125
0 0.13942307692307693 0.18028846153846154 0.026442307692307692 0.12980769230769232
11 0.30288461538461536 0.19110576923076922 0.02403846153846154 0.13221153846153846
11 0.33413461538461536 0.18509615384615385 0.02403846153846154 0.11538461538461539
15 0.484375 0.18509615384615385 0.03365384615384615 0.0985576923076923
15 0.5168269230769231 0.1814903846153846 0.028846153846153848 0.10096153846153846
16 0.6911057692307693 0.1875 0.028846153846153848 0.09134615384615384
16 0.7283653846153846 0.18269230769230768 0.021634615384615384 0.09375
17 0.8870192307692307 0.1971153846153846 0.03125 0.08173076923076923
17 0.9230769230769231 0.1971153846153846 0.021634615384615384 0.09375
18 0.06850961538461539 0.44591346153846156 0.026442307692307692 0.08653846153846154
18 0.09375 0.4483173076923077 0.021634615384615384 0.0889423076923077
19 0.21754807692307693 0.4387019230769231 0.021634615384615384 0.08653846153846154
19 0.2403846153846154 0.4411057692307692 0.02403846153846154 0.08653846153846154
20 0.3473557692307692 0.43990384615384615 0.019230769230769232 0.08173076923076923
20 0.36778846153846156 0.4483173076923077 0.021634615384615384 0.07692307692307693
21 0.49278846153846156 0.4423076923076923 0.021634615384615384 0.06490384615384616
21 0.5168269230769231 0.4387019230769231 0.02403846153846154 0.07211538461538461
1 0.6153846153846154 0.44350961538461536 0.019230769230769232 0.07451923076923077
1 0.6370192307692307 0.4483173076923077 0.02403846153846154 0.0673076923076923
2 0.7704326923076923 0.43990384615384615 0.021634615384615384 0.07932692307692307
2 0.8016826923076923 0.4362980769230769 0.026442307692307692 0.07451923076923077
3 0.8930288461538461 0.4423076923076923 0.016826923076923076 0.07451923076923077
3 0.9170673076923077 0.43990384615384615 0.019230769230769232 0.07451923076923077
4 0.06971153846153846 0.6862980769230769 0.021634615384615384 0.06009615384615385
4 0.09735576923076923 0.6862980769230769 0.019230769230769232 0.0673076923076923
5 0.2247596153846154 0.6766826923076923 0.019230769230769232 0.06009615384615385
5 0.24759615384615385 0.6790865384615384 0.021634615384615384 0.055288461538461536
6 0.35697115384615385 0.6694711538461539 0.02403846153846154 0.0673076923076923
6 0.38100961538461536 0.6730769230769231 0.02403846153846154 0.06009615384615385
7 0.6334134615384616 0.6610576923076923 0.019230769230769232 0.06009615384615385
7 0.6598557692307693 0.6670673076923077 0.02403846153846154 0.057692307692307696
8 0.7548076923076923 0.6610576923076923 0.021634615384615384 0.057692307692307696
8 0.7776442307692307 0.6634615384615384 0.019230769230769232 0.0625
9 0.8942307692307693 0.6610576923076923 0.019230769230769232 0.055288461538461536
9 0.9158653846153846 0.6634615384615384 0.021634615384615384 0.055288461538461536
10 0.06971153846153846 0.8629807692307693 0.019230769230769232 0.04326923076923077
10 0.09014423076923077 0.8677884615384616 0.016826923076923076 0.052884615384615384
12 0.21514423076923078 0.8545673076923077 0.019230769230769232 0.04807692307692308
12 0.23918269230769232 0.859375 0.021634615384615384 0.052884615384615384
13 0.4050480769230769 0.8569711538461539 0.019230769230769232 0.040865384615384616
13 0.4266826923076923 0.859375 0.016826923076923076 0.038461538461538464
14 0.5420673076923077 0.8617788461538461 0.021634615384615384 0.04326923076923077
14 0.5637019230769231 0.8617788461538461 0.019230769230769232 0.04326923076923077
22 0.7668269230769231 0.8737980769230769 0.021634615384615384 0.07451923076923077
22 0.7920673076923077 0.875 0.021634615384615384 0.08413461538461539