0 0.07451923076923077 0.17307692307692307 0.028846153846153848 0.1466346153846154
0 0.10576923076923077 0.171875 0.028846153846153848 0.1466346153846154
11 0.27403846153846156 0.18389423076923078 0.026442307692307692 0.12259615384615384
11 0.30408653846153844 0.1778846153846154 0.028846153846153848 0.14182692307692307
15 0.4639423076923077 0.17067307692307693 0.026442307692307692 0.11057692307692307
15 0.49038461538461536 0.16346153846153846 0.026442307692307692 0.125
16 0.6947115384615384 0.19110576923076922 0.026442307692307692 0.11298076923076923
16 0.7259615384615384 0.18028846153846154 0.03365384615384615 0.13942307692307693
17 0.8918269230769231 0.19471153846153846 0.028846153846153848 0.11057692307692307
17 0.9194711538461539 0.18269230769230768 0.028846153846153848 0.14182692307692307
18 0.06971153846153846 0.4387019230769231 0.021634615384615384 0.11057692307692307
18 0.09975961538461539 0.44471153846153844 0.016826923076923076 0.11057692307692307
19 0.20793269230769232 0.4519230769230769 0.036057692307692304 0.09375
19 0.2403846153846154 0.4543269230769231 0.021634615384615384 0.0985576923076923
20 0.3389423076923077 0.4483173076923077 0.026442307692307692 0.0889423076923077
20 0.36538461538461536 0.44471153846153844 0.026442307692307692 0.11298076923076923
21 0.4735576923076923 0.44471153846153844 0.026442307692307692 0.07692307692307693
21 0.5024038461538461 0.4423076923076923 0.03365384615384615 0.09615384615384616
1 0.6129807692307693 0.43990384615384615 0.028846153846153848 0.0889423076923077
1 0.6382211538461539 0.4375 0.028846153846153848 0.10096153846153846
2 0.7524038461538461 0.4338942307692308 0.026442307692307692 0.07932692307692307
2 0.7764423076923077 0.43028846153846156 0.026442307692307692 0.09375
3 0.8918269230769231 0.44711538461538464 0.026442307692307692 0.07932692307692307
3 0.9194711538461539 0.4411057692307692 0.02403846153846154 0.09134615384615384
4 0.056490384615384616 0.6634615384615384 0.019230769230769232 0.0673076923076923
4 0.08533653846153846 0.6646634615384616 0.019230769230769232 0.0673076923076923
5 0.22235576923076922 0.6670673076923077 0.02403846153846154 0.0625
5 0.24759615384615385 0.6622596153846154 0.028846153846153848 0.07932692307692307
6 0.33413461538461536 0.6706730769230769 0.021634615384615384 0.06971153846153846
6 0.3581730769230769 0.6670673076923077 0.028846153846153848 0.09375
7 0.6370192307692307 0.6610576923076923 0.021634615384615384 0.0673076923076923
7 0.6610576923076923 0.65625 0.021634615384615384 0.08653846153846154
8 0.7560096153846154 0.6634615384615384 0.026442307692307692 0.06490384615384616
8 0.78125 0.65625 0.026442307692307692 0.08413461538461539
9 0.8942307692307693 0.6634615384615384 0.028846153846153848 0.0673076923076923
9 0.9254807692307693 0.6634615384615384 0.03125 0.07932692307692307
10 0.056490384615384616 0.8533653846153846 0.021634615384615384 0.057692307692307696
10 0.08413461538461539 0.8533653846153846 0.02403846153846154 0.057692307692307696
12 0.19831730769230768 0.8617788461538461 0.028846153846153848 0.06490384615384616
12 0.2247596153846154 0.8653846153846154 0.021634615384615384 0.06971153846153846
13 0.4266826923076923 0.8569711538461539 0.026442307692307692 0.036057692307692304
13 0.4519230769230769 0.8581730769230769 0.02403846153846154 0.04326923076923077
14 0.5432692307692307 0.8617788461538461 0.016826923076923076 0.04326923076923077
14 0.5612980769230769 0.8605769230769231 0.021634615384615384 0.057692307692307696
22 0.7752403846153846 0.8762019230769231 0.028846153846153848 0.09615384615384616
23 0.9158653846153846 0.8653846153846154 0.028846153846153848 0.06490384615384616