0 0.09134615384615384 0.17548076923076922 0.038461538461538464 0.19230769230769232
0 0.1310096153846154 0.1814903846153846 0.028846153846153848 0.19471153846153846
11 0.2848557692307692 0.1814903846153846 0.03125 0.1875
11 0.3245192307692308 0.18028846153846154 0.03365384615384615 0.1778846153846154
15 0.4795673076923077 0.17427884615384615 0.036057692307692304 0.15144230769230768
15 0.5168269230769231 0.18028846153846154 0.03365384615384615 0.14903846153846154
16 0.6766826923076923 0.19831730769230768 0.03365384615384615 0.13221153846153846
16 0.7139423076923077 0.203125 0.036057692307692304 0.13942307692307693
17 0.8689903846153846 0.21033653846153846 0.04807692307692308 0.11538461538461539
17 0.9134615384615384 0.203125 0.03125 0.13701923076923078
18 0.06370192307692307 0.43990384615384615 0.028846153846153848 0.12740384615384615
18 0.09495192307692307 0.43990384615384615 0.028846153846153848 0.1201923076923077
19 0.20192307692307693 0.4483173076923077 0.03125 0.11778846153846154
19 0.2403846153846154 0.4519230769230769 0.03125 0.10817307692307693
20 0.3485576923076923 0.4495192307692308 0.026442307692307692 0.11057692307692307
20 0.38221153846153844 0.453125 0.026442307692307692 0.11538461538461539
21 0.48677884615384615 0.4411057692307692 0.03125 0.11538461538461539
21 0.5192307692307693 0.4423076923076923 0.03125 0.11057692307692307
1 0.6262019230769231 0.44711538461538464 0.02403846153846154 0.0985576923076923
1 0.6610576923076923 0.4423076923076923 0.028846153846153848 0.09615384615384616
2 0.7668269230769231 0.44350961538461536 0.028846153846153848 0.10576923076923077
2 0.7992788461538461 0.4483173076923077 0.026442307692307692 0.11057692307692307
3 0.9026442307692307 0.4519230769230769 0.03125 0.10096153846153846
3 0.9375 0.4519230769230769 0.026442307692307692 0.10336538461538461
4 0.0673076923076923 0.671875 0.03125 0.08653846153846154
4 0.10216346153846154 0.6730769230769231 0.036057692307692304 0.09134615384615384
5 0.20432692307692307 0.6766826923076923 0.028846153846153848 0.09375
5 0.23918269230769232 0.6802884615384616 0.03125 0.08653846153846154
6 0.34134615384615385 0.6850961538461539 0.03125 0.08173076923076923
6 0.3737980769230769 0.6887019230769231 0.03125 0.0889423076923077
7 0.6213942307692307 0.6634615384615384 0.03365384615384615 0.0625
7 0.6574519230769231 0.6646634615384616 0.028846153846153848 0.07692307692307693
8 0.7680288461538461 0.6658653846153846 0.026442307692307692 0.06971153846153846
8 0.8004807692307693 0.6682692307692307 0.021634615384615384 0.06971153846153846
9 0.90625 0.6706730769230769 0.02403846153846154 0.06490384615384616
9 0.9375 0.671875 0.03125 0.06971153846153846
10 0.06971153846153846 0.8557692307692307 0.026442307692307692 0.052884615384615384
10 0.09975961538461539 0.8509615384615384 0.02403846153846154 0.052884615384615384
12 0.20673076923076922 0.8545673076923077 0.028846153846153848 0.0625
12 0.23557692307692307 0.8533653846153846 0.021634615384615384 0.055288461538461536
13 0.4206730769230769 0.8641826923076923 0.02403846153846154 0.04567307692307692
13 0.4543269230769231 0.8617788461538461 0.021634615384615384 0.040865384615384616
14 0.5540865384615384 0.8605769230769231 0.02403846153846154 0.05048076923076923
14 0.5817307692307693 0.859375 0.021634615384615384 0.04807692307692308
22 0.7560096153846154 0.8701923076923077 0.03125 0.11538461538461539
22 0.7980769230769231 0.8737980769230769 0.04326923076923077 0.0985576923076923