0 0.10576923076923077 0.18269230769230768 0.05048076923076923 0.14903846153846154
0 0.15865384615384615 0.19471153846153846 0.05048076923076923 0.18509615384615385
11 0.27283653846153844 0.18389423076923078 0.028846153846153848 0.16826923076923078
11 0.2980769230769231 0.19110576923076922 0.028846153846153848 0.16826923076923078
15 0.46634615384615385 0.17668269230769232 0.05048076923076923 0.11778846153846154
15 0.5084134615384616 0.18870192307692307 0.028846153846153848 0.15144230769230768
16 0.6850961538461539 0.20192307692307693 0.026442307692307692 0.11538461538461539
16 0.7163461538461539 0.20192307692307693 0.026442307692307692 0.13221153846153846
17 0.8882211538461539 0.1971153846153846 0.019230769230769232 0.12740384615384615
17 0.9098557692307693 0.1935096153846154 0.019230769230769232 0.12740384615384615
18 0.07211538461538461 0.45552884615384615 0.05048076923076923 0.07211538461538461
18 0.09975961538461539 0.4723557692307692 0.038461538461538464 0.06009615384615385
19 0.1971153846153846 0.4639423076923077 0.036057692307692304 0.11298076923076923
19 0.22956730769230768 0.45552884615384615 0.036057692307692304 0.12740384615384615
20 0.3293269230769231 0.46033653846153844 0.03365384615384615 0.10096153846153846
20 0.3629807692307692 0.4567307692307692 0.03365384615384615 0.0985576923076923
21 0.49158653846153844 0.44591346153846156 0.021634615384615384 0.08413461538461539
21 0.5180288461538461 0.4423076923076923 0.021634615384615384 0.0985576923076923
1 0.625 0.44471153846153844 0.019230769230769232 0.0985576923076923
1 0.6442307692307693 0.4423076923076923 0.019230769230769232 0.0985576923076923
2 0.7764423076923077 0.4519230769230769 0.02403846153846154 0.09375
2 0.7980769230769231 0.453125 0.02403846153846154 0.09375
3 0.8966346153846154 0.4483173076923077 0.016826923076923076 0.10096153846153846
3 0.9206730769230769 0.4519230769230769 0.026442307692307692 0.10096153846153846
4 0.05889423076923077 0.6754807692307693 0.019230769230769232 0.07451923076923077
4 0.08173076923076923 0.6766826923076923 0.019230769230769232 0.07451923076923077
5 0.21754807692307693 0.6694711538461539 0.021634615384615384 0.08173076923076923
5 0.24278846153846154 0.6706730769230769 0.021634615384615384 0.08173076923076923
6 0.3545673076923077 0.6754807692307693 0.016826923076923076 0.06490384615384616
6 0.3762019230769231 0.6730769230769231 0.016826923076923076 0.06490384615384616
7 0.6117788461538461 0.6634615384615384 0.021634615384615384 0.06971153846153846
7 0.6358173076923077 0.6610576923076923 0.021634615384615384 0.06971153846153846
8 0.7536057692307693 0.6658653846153846 0.014423076923076924 0.06971153846153846
8 0.7704326923076923 0.6670673076923077 0.014423076923076924 0.07211538461538461
9 0.9110576923076923 0.6706730769230769 0.021634615384615384 0.0625
9 0.9350961538461539 0.6706730769230769 0.021634615384615384 0.0625
10 0.0673076923076923 0.8617788461538461 0.019230769230769232 0.04807692307692308
10 0.0829326923076923 0.8617788461538461 0.016826923076923076 0.04326923076923077
12 0.21875 0.8605769230769231 0.019230769230769232 0.05048076923076923
12 0.23918269230769232 0.8605769230769231 0.019230769230769232 0.05048076923076923
13 0.40384615384615385 0.859375 0.021634615384615384 0.03125
13 0.42427884615384615 0.859375 0.021634615384615384 0.03125
14 0.5637019230769231 0.8605769230769231 0.019230769230769232 0.04326923076923077
14 0.5829326923076923 0.8581730769230769 0.01201923076923077 0.04326923076923077
22 0.7740384615384616 0.8713942307692307 0.021634615384615384 0.10096153846153846
23 0.9278846153846154 0.859375 0.026442307692307692 0.04326923076923077