0 0.09735576923076923 0.18629807692307693 0.040865384615384616 0.15625
0 0.14182692307692307 0.20432692307692307 0.06009615384615385 0.11778846153846154
11 0.2824519230769231 0.18028846153846154 0.02403846153846154 0.15865384615384615
11 0.3161057692307692 0.14423076923076922 0.040865384615384616 0.08173076923076923
15 0.4651442307692308 0.18269230769230768 0.038461538461538464 0.14182692307692307
15 0.515625 0.19831730769230768 0.052884615384615384 0.10096153846153846
16 0.6983173076923077 0.20072115384615385 0.026442307692307692 0.1201923076923077
16 0.7259615384615384 0.20192307692307693 0.021634615384615384 0.125
17 0.8882211538461539 0.1971153846153846 0.026442307692307692 0.10576923076923077
17 0.9230769230769231 0.20072115384615385 0.028846153846153848 0.10576923076923077
18 0.052884615384615384 0.4639423076923077 0.040865384615384616 0.10576923076923077
18 0.08774038461538461 0.4543269230769231 0.03125 0.1201923076923077
19 0.19471153846153846 0.4519230769230769 0.021634615384615384 0.11057692307692307
19 0.22355769230769232 0.45072115384615385 0.028846153846153848 0.11778846153846154
20 0.33533653846153844 0.4495192307692308 0.02403846153846154 0.0985576923076923
20 0.3641826923076923 0.45072115384615385 0.026442307692307692 0.10336538461538461
21 0.4675480769230769 0.4567307692307692 0.021634615384615384 0.09134615384615384
21 0.4987980769230769 0.4579326923076923 0.03125 0.07932692307692307
1 0.6286057692307693 0.46153846153846156 0.028846153846153848 0.09375
1 0.6574519230769231 0.46033653846153844 0.026442307692307692 0.0985576923076923
2 0.7572115384615384 0.4639423076923077 0.028846153846153848 0.0985576923076923
2 0.7884615384615384 0.47836538461538464 0.03125 0.07211538461538461
3 0.8930288461538461 0.4639423076923077 0.040865384615384616 0.08413461538461539
3 0.9254807692307693 0.4543269230769231 0.028846153846153848 0.10336538461538461
4 0.05889423076923077 0.6682692307692307 0.019230769230769232 0.08653846153846154
4 0.0829326923076923 0.671875 0.02403846153846154 0.08653846153846154
5 0.21995192307692307 0.6670673076923077 0.019230769230769232 0.0889423076923077
5 0.2439903846153846 0.6706730769230769 0.021634615384615384 0.06971153846153846
6 0.34375 0.6682692307692307 0.02403846153846154 0.07932692307692307
6 0.3701923076923077 0.6730769230769231 0.02403846153846154 0.07932692307692307
7 0.6274038461538461 0.6826923076923077 0.038461538461538464 0.055288461538461536
7 0.6550480769230769 0.6730769230769231 0.038461538461538464 0.06490384615384616
8 0.7548076923076923 0.6778846153846154 0.028846153846153848 0.057692307692307696
8 0.7776442307692307 0.6742788461538461 0.02403846153846154 0.07211538461538461
9 0.8930288461538461 0.6682692307692307 0.02403846153846154 0.0625
9 0.9158653846153846 0.6670673076923077 0.021634615384615384 0.0625
10 0.07932692307692307 0.8677884615384616 0.019230769230769232 0.055288461538461536
10 0.0985576923076923 0.8677884615384616 0.019230769230769232 0.055288461538461536
12 0.20072115384615385 0.8701923076923077 0.021634615384615384 0.05048076923076923
12 0.22235576923076922 0.8677884615384616 0.021634615384615384 0.055288461538461536
13 0.41586538461538464 0.8677884615384616 0.021634615384615384 0.04326923076923077
13 0.4387019230769231 0.8641826923076923 0.028846153846153848 0.038461538461538464
14 0.5432692307692307 0.8581730769230769 0.021634615384615384 0.05048076923076923
14 0.5637019230769231 0.859375 0.019230769230769232 0.055288461538461536
22 0.7548076923076923 0.8629807692307693 0.026442307692307692 0.10817307692307693
22 0.7836538461538461 0.8653846153846154 0.02403846153846154 0.0985576923076923