0 0.0733173076923077 0.171875 0.036057692307692304 0.23557692307692307
0 0.10817307692307693 0.16826923076923078 0.036057692307692304 0.23557692307692307
11 0.28846153846153844 0.19230769230769232 0.040865384615384616 0.20673076923076922
11 0.33052884615384615 0.18990384615384615 0.05048076923076923 0.20432692307692307
15 0.48197115384615385 0.18629807692307693 0.03365384615384615 0.19951923076923078
15 0.5168269230769231 0.18509615384615385 0.03365384615384615 0.19951923076923078
16 0.6826923076923077 0.19471153846153846 0.040865384615384616 0.18990384615384615
16 0.7223557692307693 0.19471153846153846 0.040865384615384616 0.18990384615384615
17 0.8798076923076923 0.19471153846153846 0.036057692307692304 0.17548076923076922
17 0.9122596153846154 0.19471153846153846 0.036057692307692304 0.17548076923076922
18 0.06009615384615385 0.4519230769230769 0.04567307692307692 0.18028846153846154
18 0.10216346153846154 0.4483173076923077 0.04567307692307692 0.18028846153846154
19 0.19471153846153846 0.44471153846153844 0.036057692307692304 0.14903846153846154
19 0.234375 0.44471153846153844 0.04567307692307692 0.15144230769230768
20 0.34375 0.4387019230769231 0.03365384615384615 0.1346153846153846
20 0.3737980769230769 0.4411057692307692 0.03365384615384615 0.14182692307692307
21 0.484375 0.44471153846153844 0.038461538461538464 0.12259615384615384
21 0.5216346153846154 0.4423076923076923 0.036057692307692304 0.12980769230769232
1 0.6286057692307693 0.4495192307692308 0.03125 0.13701923076923078
1 0.6586538461538461 0.4519230769230769 0.03125 0.1346153846153846
2 0.7644230769230769 0.44350961538461536 0.028846153846153848 0.14903846153846154
2 0.7980769230769231 0.4423076923076923 0.028846153846153848 0.14903846153846154
3 0.9026442307692307 0.4639423076923077 0.03125 0.16346153846153846
3 0.9314903846153846 0.4639423076923077 0.03125 0.16346153846153846
4 0.057692307692307696 0.6802884615384616 0.036057692307692304 0.10576923076923077
4 0.09134615384615384 0.6790865384615384 0.036057692307692304 0.10576923076923077
5 0.20673076923076922 0.6754807692307693 0.03125 0.10817307692307693
5 0.23918269230769232 0.6730769230769231 0.03125 0.10817307692307693
6 0.3425480769230769 0.6778846153846154 0.03365384615384615 0.10576923076923077
6 0.375 0.6778846153846154 0.03365384615384615 0.10576923076923077
7 0.6225961538461539 0.6634615384615384 0.03365384615384615 0.10096153846153846
7 0.65625 0.6634615384615384 0.03365384615384615 0.10096153846153846
8 0.7692307692307693 0.6706730769230769 0.03365384615384615 0.0985576923076923
8 0.8004807692307693 0.6694711538461539 0.03365384615384615 0.0985576923076923
9 0.90625 0.6694711538461539 0.03365384615384615 0.09375
9 0.9375 0.6706730769230769 0.03365384615384615 0.09134615384615384
10 0.06490384615384616 0.8605769230769231 0.026442307692307692 0.08653846153846154
10 0.09254807692307693 0.8605769230769231 0.028846153846153848 0.08653846153846154
12 0.20432692307692307 0.8581730769230769 0.03365384615384615 0.0889423076923077
12 0.23557692307692307 0.8581730769230769 0.03365384615384615 0.0889423076923077
13 0.41586538461538464 0.8605769230769231 0.026442307692307692 0.09375
13 0.4411057692307692 0.8629807692307693 0.026442307692307692 0.09375
14 0.5564903846153846 0.8653846153846154 0.03365384615384615 0.09615384615384616
14 0.5877403846153846 0.8653846153846154 0.03365384615384615 0.09615384615384616
22 0.7824519230769231 0.8689903846153846 0.036057692307692304 0.15865384615384615
23 0.9242788461538461 0.875 0.04807692307692308 0.11538461538461539