0 0.10576923076923077 0.18389423076923078 0.028846153846153848 0.11298076923076923
0 0.14302884615384615 0.1814903846153846 0.028846153846153848 0.11778846153846154
11 0.29447115384615385 0.18028846153846154 0.03125 0.125
11 0.33052884615384615 0.17067307692307693 0.026442307692307692 0.11778846153846154
15 0.49038461538461536 0.17668269230769232 0.026442307692307692 0.09615384615384616
15 0.5288461538461539 0.17307692307692307 0.026442307692307692 0.09615384615384616
16 0.6862980769230769 0.1875 0.028846153846153848 0.09375
16 0.7175480769230769 0.18870192307692307 0.028846153846153848 0.09615384615384616
17 0.8557692307692307 0.18509615384615385 0.028846153846153848 0.0889423076923077
17 0.9194711538461539 0.18269230769230768 0.026442307692307692 0.08653846153846154
18 0.06490384615384616 0.4483173076923077 0.021634615384615384 0.08653846153846154
18 0.09495192307692307 0.4483173076923077 0.02403846153846154 0.08173076923076923
19 0.21153846153846154 0.4423076923076923 0.026442307692307692 0.07451923076923077
19 0.24278846153846154 0.44471153846153844 0.026442307692307692 0.07932692307692307
20 0.3485576923076923 0.4423076923076923 0.028846153846153848 0.07451923076923077
20 0.3798076923076923 0.4483173076923077 0.026442307692307692 0.07932692307692307
21 0.4891826923076923 0.4423076923076923 0.026442307692307692 0.06490384615384616
21 0.5180288461538461 0.43990384615384615 0.03125 0.0673076923076923
1 0.6310096153846154 0.4423076923076923 0.026442307692307692 0.0673076923076923
1 0.6586538461538461 0.4423076923076923 0.03125 0.0673076923076923
2 0.7668269230769231 0.4387019230769231 0.028846153846153848 0.06971153846153846
2 0.7956730769230769 0.44350961538461536 0.02403846153846154 0.07451923076923077
3 0.9050480769230769 0.4483173076923077 0.021634615384615384 0.06009615384615385
3 0.9326923076923077 0.4483173076923077 0.028846153846153848 0.0673076923076923
4 0.0673076923076923 0.6802884615384616 0.026442307692307692 0.057692307692307696
4 0.09615384615384616 0.6730769230769231 0.026442307692307692 0.06009615384615385
5 0.20552884615384615 0.6790865384615384 0.028846153846153848 0.06009615384615385
5 0.23798076923076922 0.6802884615384616 0.028846153846153848 0.055288461538461536
6 0.3425480769230769 0.6730769230769231 0.026442307692307692 0.055288461538461536
6 0.3701923076923077 0.6694711538461539 0.028846153846153848 0.06490384615384616
7 0.6262019230769231 0.6646634615384616 0.02403846153846154 0.052884615384615384
7 0.6526442307692307 0.6622596153846154 0.028846153846153848 0.055288461538461536
8 0.7620192307692307 0.6622596153846154 0.026442307692307692 0.04326923076923077
8 0.7884615384615384 0.6646634615384616 0.021634615384615384 0.04807692307692308
9 0.9026442307692307 0.6646634615384616 0.019230769230769232 0.04567307692307692
9 0.9290865384615384 0.6682692307692307 0.021634615384615384 0.04807692307692308
10 0.06610576923076923 0.8605769230769231 0.016826923076923076 0.038461538461538464
10 0.0889423076923077 0.8641826923076923 0.016826923076923076 0.03365384615384615
12 0.20793269230769232 0.8581730769230769 0.026442307692307692 0.038461538461538464
12 0.23197115384615385 0.8569711538461539 0.026442307692307692 0.040865384615384616
13 0.4110576923076923 0.8641826923076923 0.02403846153846154 0.03125
13 0.4387019230769231 0.8641826923076923 0.019230769230769232 0.03125
14 0.5528846153846154 0.8629807692307693 0.019230769230769232 0.038461538461538464
14 0.5793269230769231 0.8617788461538461 0.02403846153846154 0.03365384615384615
22 0.7764423076923077 0.8677884615384616 0.028846153846153848 0.09134615384615384
23 0.9134615384615384 0.8677884615384616 0.019230769230769232 0.04807692307692308