0 0.09254807692307693 0.16826923076923078 0.038461538461538464 0.16346153846153846
0 0.12379807692307693 0.16706730769230768 0.026442307692307692 0.16105769230769232
11 0.2956730769230769 0.1875 0.04326923076923077 0.13942307692307693
11 0.328125 0.17668269230769232 0.03125 0.16105769230769232
15 0.49278846153846156 0.18269230769230768 0.028846153846153848 0.14182692307692307
15 0.5288461538461539 0.1935096153846154 0.04567307692307692 0.1201923076923077
16 0.6838942307692307 0.20192307692307693 0.038461538461538464 0.10336538461538461
16 0.7163461538461539 0.20192307692307693 0.028846153846153848 0.10096153846153846
17 0.9110576923076923 0.1935096153846154 0.036057692307692304 0.10576923076923077
17 0.875 0.19230769230769232 0.036057692307692304 0.10576923076923077
18 0.06971153846153846 0.4483173076923077 0.02403846153846154 0.11298076923076923
18 0.1045673076923077 0.4495192307692308 0.04567307692307692 0.11057692307692307
19 0.2091346153846154 0.4519230769230769 0.028846153846153848 0.10096153846153846
19 0.23918269230769232 0.4519230769230769 0.028846153846153848 0.10096153846153846
20 0.35096153846153844 0.4483173076923077 0.03125 0.0985576923076923
20 0.38461538461538464 0.4483173076923077 0.03125 0.0985576923076923
21 0.4891826923076923 0.44711538461538464 0.026442307692307692 0.11057692307692307
21 0.5204326923076923 0.44711538461538464 0.03365384615384615 0.11298076923076923
1 0.6201923076923077 0.4579326923076923 0.04567307692307692 0.07451923076923077
1 0.6538461538461539 0.44471153846153844 0.021634615384615384 0.10096153846153846
2 0.7572115384615384 0.4495192307692308 0.036057692307692304 0.0985576923076923
2 0.7932692307692307 0.4483173076923077 0.03365384615384615 0.0985576923076923
3 0.9014423076923077 0.4495192307692308 0.036057692307692304 0.09375
3 0.9387019230769231 0.4519230769230769 0.036057692307692304 0.09375
4 0.0733173076923077 0.6742788461538461 0.02403846153846154 0.08653846153846154
4 0.09615384615384616 0.6730769230769231 0.02403846153846154 0.08653846153846154
5 0.21634615384615385 0.6742788461538461 0.019230769230769232 0.07451923076923077
5 0.2403846153846154 0.6730769230769231 0.019230769230769232 0.07451923076923077
6 0.3545673076923077 0.6706730769230769 0.026442307692307692 0.07932692307692307
6 0.38100961538461536 0.6706730769230769 0.02403846153846154 0.07932692307692307
7 0.6274038461538461 0.6670673076923077 0.021634615384615384 0.07692307692307693
7 0.6502403846153846 0.6670673076923077 0.021634615384615384 0.07692307692307693
8 0.7668269230769231 0.6634615384615384 0.028846153846153848 0.0625
8 0.7908653846153846 0.6634615384615384 0.028846153846153848 0.0625
9 0.9122596153846154 0.6634615384615384 0.026442307692307692 0.0673076923076923
9 0.9362980769230769 0.6646634615384616 0.026442307692307692 0.0673076923076923
10 0.07572115384615384 0.8641826923076923 0.021634615384615384 0.0625
10 0.09975961538461539 0.8629807692307693 0.021634615384615384 0.0625
12 0.21514423076923078 0.8641826923076923 0.021634615384615384 0.0625
12 0.2403846153846154 0.8641826923076923 0.021634615384615384 0.0625
13 0.42788461538461536 0.8629807692307693 0.02403846153846154 0.052884615384615384
13 0.45072115384615385 0.8629807692307693 0.02403846153846154 0.052884615384615384
14 0.5661057692307693 0.8641826923076923 0.02403846153846154 0.06971153846153846
14 0.5889423076923077 0.8641826923076923 0.02403846153846154 0.06971153846153846
22 0.7692307692307693 0.8689903846153846 0.026442307692307692 0.1201923076923077
22 0.796875 0.8689903846153846 0.026442307692307692 0.1201923076923077