0 0.07091346153846154 0.17427884615384615 0.036057692307692304 0.17307692307692307
0 0.10216346153846154 0.17668269230769232 0.03365384615384615 0.18028846153846154
11 0.26322115384615385 0.18509615384615385 0.036057692307692304 0.1658653846153846
11 0.3004807692307692 0.18629807692307693 0.036057692307692304 0.1658653846153846
15 0.4651442307692308 0.16826923076923078 0.03365384615384615 0.15625
15 0.5180288461538461 0.19230769230769232 0.06971153846153846 0.10576923076923077
16 0.6899038461538461 0.18629807692307693 0.03125 0.1346153846153846
16 0.7247596153846154 0.18269230769230768 0.03125 0.1346153846153846
17 0.8798076923076923 0.19230769230769232 0.03365384615384615 0.12740384615384615
17 0.9170673076923077 0.19110576923076922 0.03365384615384615 0.12980769230769232
18 0.055288461538461536 0.4387019230769231 0.03365384615384615 0.12259615384615384
18 0.08533653846153846 0.4375 0.03365384615384615 0.12259615384615384
19 0.19471153846153846 0.4423076923076923 0.036057692307692304 0.12740384615384615
19 0.22596153846153846 0.4423076923076923 0.036057692307692304 0.12740384615384615
20 0.33653846153846156 0.4387019230769231 0.03125 0.10817307692307693
20 0.36538461538461536 0.4387019230769231 0.03125 0.10817307692307693
21 0.4807692307692308 0.4423076923076923 0.03365384615384615 0.10336538461538461
21 0.515625 0.4387019230769231 0.03365384615384615 0.11778846153846154
1 0.6286057692307693 0.4326923076923077 0.03365384615384615 0.11057692307692307
1 0.6622596153846154 0.4326923076923077 0.036057692307692304 0.11057692307692307
2 0.7536057692307693 0.4423076923076923 0.03365384615384615 0.1201923076923077
2 0.7872596153846154 0.4387019230769231 0.036057692307692304 0.1201923076923077
3 0.8894230769230769 0.4483173076923077 0.028846153846153848 0.10576923076923077
3 0.9242788461538461 0.4483173076923077 0.028846153846153848 0.10576923076923077
4 0.07211538461538461 0.6766826923076923 0.03125 0.07932692307692307
4 0.10216346153846154 0.6730769230769231 0.03125 0.07932692307692307
5 0.1935096153846154 0.6766826923076923 0.03125 0.08653846153846154
5 0.2247596153846154 0.6754807692307693 0.03125 0.08653846153846154
6 0.34615384615384615 0.6766826923076923 0.03365384615384615 0.07932692307692307
6 0.37740384615384615 0.6742788461538461 0.03365384615384615 0.07932692307692307
7 0.6322115384615384 0.6658653846153846 0.028846153846153848 0.07451923076923077
7 0.6622596153846154 0.6658653846153846 0.028846153846153848 0.07451923076923077
8 0.7620192307692307 0.6670673076923077 0.028846153846153848 0.0673076923076923
8 0.7896634615384616 0.6658653846153846 0.028846153846153848 0.0673076923076923
9 0.9110576923076923 0.6742788461538461 0.028846153846153848 0.07451923076923077
9 0.9350961538461539 0.6742788461538461 0.028846153846153848 0.07451923076923077
10 0.07932692307692307 0.8533653846153846 0.03125 0.055288461538461536
10 0.051682692307692304 0.8509615384615384 0.016826923076923076 0.05048076923076923
12 0.203125 0.8557692307692307 0.03125 0.06009615384615385
12 0.23076923076923078 0.8557692307692307 0.03125 0.06009615384615385
13 0.4026442307692308 0.8677884615384616 0.028846153846153848 0.04807692307692308
13 0.43149038461538464 0.8701923076923077 0.028846153846153848 0.04807692307692308
14 0.5384615384615384 0.8533653846153846 0.03365384615384615 0.055288461538461536
14 0.5697115384615384 0.8533653846153846 0.03365384615384615 0.055288461538461536
22 0.7800480769230769 0.8665865384615384 0.038461538461538464 0.11538461538461539
23 0.9182692307692307 0.8653846153846154 0.03365384615384615 0.0625