0 0.0673076923076923 0.18629807692307693 0.04807692307692308 0.21394230769230768
0 0.1201923076923077 0.18629807692307693 0.04807692307692308 0.21394230769230768
11 0.27884615384615385 0.18389423076923078 0.05048076923076923 0.20192307692307693
11 0.3389423076923077 0.18269230769230768 0.0673076923076923 0.20432692307692307
15 0.4891826923076923 0.17668269230769232 0.03365384615384615 0.18269230769230768
15 0.5216346153846154 0.1778846153846154 0.03365384615384615 0.18269230769230768
16 0.6706730769230769 0.1935096153846154 0.040865384615384616 0.17307692307692307
16 0.7103365384615384 0.19471153846153846 0.040865384615384616 0.17067307692307693
17 0.8822115384615384 0.20432692307692307 0.03365384615384615 0.16105769230769232
17 0.9206730769230769 0.203125 0.03365384615384615 0.15865384615384615
18 0.06129807692307692 0.4495192307692308 0.04567307692307692 0.14182692307692307
18 0.10817307692307693 0.4519230769230769 0.04567307692307692 0.14182692307692307
19 0.19471153846153846 0.4495192307692308 0.040865384615384616 0.14182692307692307
19 0.23798076923076922 0.4495192307692308 0.040865384615384616 0.14182692307692307
20 0.3401442307692308 0.4543269230769231 0.036057692307692304 0.12740384615384615
20 0.38221153846153844 0.4543269230769231 0.04807692307692308 0.125
21 0.4855769230769231 0.4411057692307692 0.03365384615384615 0.12259615384615384
21 0.5192307692307693 0.4411057692307692 0.03365384615384615 0.12259615384615384
1 0.6141826923076923 0.4423076923076923 0.038461538461538464 0.12740384615384615
1 0.6526442307692307 0.4423076923076923 0.038461538461538464 0.12740384615384615
2 0.7560096153846154 0.44711538461538464 0.03125 0.13701923076923078
2 0.7884615384615384 0.44711538461538464 0.03125 0.13701923076923078
3 0.9038461538461539 0.4543269230769231 0.036057692307692304 0.1346153846153846
3 0.9399038461538461 0.4543269230769231 0.036057692307692304 0.1346153846153846
4 0.06370192307692307 0.6778846153846154 0.03365384615384615 0.09615384615384616
4 0.09735576923076923 0.6778846153846154 0.03365384615384615 0.09615384615384616
5 0.20793269230769232 0.6802884615384616 0.03365384615384615 0.09615384615384616
5 0.24278846153846154 0.6814903846153846 0.03365384615384615 0.09615384615384616
6 0.3545673076923077 0.671875 0.026442307692307692 0.10576923076923077
6 0.38341346153846156 0.671875 0.026442307692307692 0.10576923076923077
7 0.6213942307692307 0.6694711538461539 0.04326923076923077 0.08173076923076923
7 0.6634615384615384 0.6670673076923077 0.04326923076923077 0.08173076923076923
8 0.7632211538461539 0.6670673076923077 0.03365384615384615 0.08653846153846154
8 0.7980769230769231 0.6658653846153846 0.03365384615384615 0.08653846153846154
9 0.9002403846153846 0.6694711538461539 0.038461538461538464 0.08653846153846154
9 0.9399038461538461 0.6706730769230769 0.038461538461538464 0.08653846153846154
10 0.06490384615384616 0.8641826923076923 0.03125 0.07451923076923077
10 0.09495192307692307 0.8629807692307693 0.03125 0.07451923076923077
12 0.20192307692307693 0.8641826923076923 0.028846153846153848 0.0673076923076923
12 0.23197115384615385 0.8641826923076923 0.028846153846153848 0.0673076923076923
13 0.41346153846153844 0.8665865384615384 0.03365384615384615 0.055288461538461536
13 0.44711538461538464 0.8665865384615384 0.03365384615384615 0.055288461538461536
14 0.5588942307692307 0.859375 0.03365384615384615 0.08413461538461539
14 0.5925480769230769 0.859375 0.03365384615384615 0.08413461538461539
22 0.7920673076923077 0.875 0.06490384615384616 0.10096153846153846
23 0.9182692307692307 0.8701923076923077 0.03365384615384615 0.07451923076923077