0 0.08774038461538461 0.17307692307692307 0.021634615384615384 0.10817307692307693
0 0.11298076923076923 0.171875 0.021634615384615384 0.11538461538461539
11 0.3076923076923077 0.1814903846153846 0.02403846153846154 0.10096153846153846
11 0.33413461538461536 0.18028846153846154 0.021634615384615384 0.10576923076923077
15 0.4879807692307692 0.1778846153846154 0.021634615384615384 0.0889423076923077
15 0.5108173076923077 0.17908653846153846 0.021634615384615384 0.08173076923076923
16 0.6790865384615384 0.18629807692307693 0.021634615384615384 0.08173076923076923
16 0.7055288461538461 0.18629807692307693 0.026442307692307692 0.07932692307692307
17 0.8942307692307693 0.1875 0.026442307692307692 0.08413461538461539
17 0.9182692307692307 0.18870192307692307 0.026442307692307692 0.07932692307692307
18 0.06971153846153846 0.4423076923076923 0.021634615384615384 0.07211538461538461
18 0.09615384615384616 0.4387019230769231 0.021634615384615384 0.07451923076923077
19 0.21514423076923078 0.44591346153846156 0.02403846153846154 0.06971153846153846
19 0.23918269230769232 0.44350961538461536 0.019230769230769232 0.07932692307692307
20 0.3557692307692308 0.44471153846153844 0.021634615384615384 0.0673076923076923
20 0.3762019230769231 0.44471153846153844 0.021634615384615384 0.0673076923076923
21 0.4879807692307692 0.44471153846153844 0.019230769230769232 0.0673076923076923
21 0.5096153846153846 0.4423076923076923 0.021634615384615384 0.0625
1 0.6213942307692307 0.4423076923076923 0.02403846153846154 0.06490384615384616
1 0.6466346153846154 0.4423076923076923 0.02403846153846154 0.0673076923076923
2 0.7668269230769231 0.43990384615384615 0.026442307692307692 0.0673076923076923
2 0.7896634615384616 0.43990384615384615 0.019230769230769232 0.06490384615384616
3 0.9134615384615384 0.44471153846153844 0.019230769230769232 0.0673076923076923
3 0.9399038461538461 0.44350961538461536 0.02403846153846154 0.06009615384615385
4 0.06971153846153846 0.6706730769230769 0.02403846153846154 0.06009615384615385
4 0.09495192307692307 0.671875 0.026442307692307692 0.06009615384615385
5 0.20552884615384615 0.6706730769230769 0.02403846153846154 0.04807692307692308
5 0.2283653846153846 0.6730769230769231 0.021634615384615384 0.055288461538461536
6 0.35697115384615385 0.6742788461538461 0.021634615384615384 0.055288461538461536
6 0.3786057692307692 0.6694711538461539 0.021634615384615384 0.057692307692307696
7 0.6262019230769231 0.6646634615384616 0.021634615384615384 0.04567307692307692
7 0.6490384615384616 0.6646634615384616 0.021634615384615384 0.052884615384615384
8 0.7668269230769231 0.6586538461538461 0.016826923076923076 0.04807692307692308
8 0.7884615384615384 0.6622596153846154 0.021634615384615384 0.04807692307692308
9 0.9098557692307693 0.671875 0.02403846153846154 0.04567307692307692
9 0.9326923076923077 0.6634615384615384 0.021634615384615384 0.04807692307692308
10 0.0673076923076923 0.8581730769230769 0.016826923076923076 0.036057692307692304
10 0.0829326923076923 0.8581730769230769 0.021634615384615384 0.036057692307692304
12 0.21514423076923078 0.8605769230769231 0.019230769230769232 0.038461538461538464
12 0.23557692307692307 0.859375 0.021634615384615384 0.036057692307692304
13 0.41346153846153844 0.8581730769230769 0.016826923076923076 0.036057692307692304
13 0.4338942307692308 0.8581730769230769 0.016826923076923076 0.03365384615384615
14 0.5649038461538461 0.8665865384615384 0.016826923076923076 0.036057692307692304
14 0.5841346153846154 0.8677884615384616 0.016826923076923076 0.038461538461538464
22 0.7632211538461539 0.8713942307692307 0.021634615384615384 0.0625
22 0.7908653846153846 0.8665865384615384 0.02403846153846154 0.0673076923076923