0 0.08413461538461539 0.20072115384615385 0.06009615384615385 0.09375
0 0.1310096153846154 0.17908653846153846 0.026442307692307692 0.13701923076923078
11 0.2956730769230769 0.18269230769230768 0.02403846153846154 0.1201923076923077
11 0.32572115384615385 0.18389423076923078 0.028846153846153848 0.12259615384615384
15 0.49278846153846156 0.1814903846153846 0.021634615384615384 0.10096153846153846
15 0.5192307692307693 0.1778846153846154 0.02403846153846154 0.10096153846153846
16 0.6826923076923077 0.19230769230769232 0.019230769230769232 0.0985576923076923
16 0.7055288461538461 0.19230769230769232 0.021634615384615384 0.09375
17 0.890625 0.19471153846153846 0.021634615384615384 0.0889423076923077
17 0.9122596153846154 0.20192307692307693 0.019230769230769232 0.08413461538461539
18 0.07211538461538461 0.44591346153846156 0.02403846153846154 0.07932692307692307
18 0.09375 0.44711538461538464 0.02403846153846154 0.08173076923076923
19 0.2091346153846154 0.44591346153846156 0.02403846153846154 0.08413461538461539
19 0.23317307692307693 0.44591346153846156 0.021634615384615384 0.08653846153846154
20 0.35096153846153844 0.4423076923076923 0.019230769230769232 0.07211538461538461
20 0.3713942307692308 0.4423076923076923 0.019230769230769232 0.07451923076923077
21 0.4891826923076923 0.43990384615384615 0.02403846153846154 0.07211538461538461
21 0.5108173076923077 0.44350961538461536 0.02403846153846154 0.0673076923076923
1 0.6262019230769231 0.44471153846153844 0.02403846153846154 0.06971153846153846
1 0.6490384615384616 0.4423076923076923 0.019230769230769232 0.0673076923076923
2 0.7644230769230769 0.4387019230769231 0.019230769230769232 0.07451923076923077
2 0.7872596153846154 0.44350961538461536 0.021634615384615384 0.07451923076923077
3 0.9098557692307693 0.44471153846153844 0.02403846153846154 0.07451923076923077
3 0.9362980769230769 0.4483173076923077 0.02403846153846154 0.07451923076923077
4 0.0673076923076923 0.6682692307692307 0.026442307692307692 0.06009615384615385
4 0.0889423076923077 0.671875 0.019230769230769232 0.055288461538461536
5 0.21394230769230768 0.6598557692307693 0.019230769230769232 0.06971153846153846
5 0.23317307692307693 0.6670673076923077 0.019230769230769232 0.055288461538461536
6 0.35216346153846156 0.6730769230769231 0.019230769230769232 0.057692307692307696
6 0.3762019230769231 0.6730769230769231 0.021634615384615384 0.06009615384615385
7 0.625 0.6586538461538461 0.016826923076923076 0.055288461538461536
7 0.6418269230769231 0.6622596153846154 0.016826923076923076 0.04807692307692308
8 0.7668269230769231 0.6622596153846154 0.021634615384615384 0.05048076923076923
8 0.7872596153846154 0.6670673076923077 0.021634615384615384 0.04807692307692308
9 0.9074519230769231 0.6634615384615384 0.021634615384615384 0.04807692307692308
9 0.9302884615384616 0.6658653846153846 0.021634615384615384 0.04326923076923077
10 0.06610576923076923 0.8581730769230769 0.014423076923076924 0.036057692307692304
10 0.08413461538461539 0.859375 0.016826923076923076 0.04326923076923077
12 0.2127403846153846 0.8629807692307693 0.014423076923076924 0.04567307692307692
12 0.23197115384615385 0.8641826923076923 0.016826923076923076 0.04807692307692308
13 0.41466346153846156 0.8677884615384616 0.019230769230769232 0.03365384615384615
13 0.4338942307692308 0.8677884615384616 0.016826923076923076 0.040865384615384616
14 0.5612980769230769 0.8677884615384616 0.019230769230769232 0.03125
14 0.5793269230769231 0.8665865384615384 0.01201923076923077 0.038461538461538464
22 0.7632211538461539 0.8677884615384616 0.019230769230769232 0.07932692307692307
22 0.7872596153846154 0.8665865384615384 0.026442307692307692 0.08413461538461539