0 0.0829326923076923 0.18870192307692307 0.040865384615384616 0.15144230769230768
0 0.12379807692307693 0.1875 0.040865384615384616 0.15384615384615385
11 0.2920673076923077 0.18990384615384615 0.03125 0.1466346153846154
11 0.33774038461538464 0.18870192307692307 0.055288461538461536 0.1466346153846154
15 0.46634615384615385 0.18870192307692307 0.03125 0.14423076923076922
15 0.4987980769230769 0.18870192307692307 0.03125 0.14423076923076922
16 0.6935096153846154 0.18269230769230768 0.04326923076923077 0.12740384615384615
16 0.7331730769230769 0.18269230769230768 0.04326923076923077 0.12740384615384615
17 0.8725961538461539 0.19471153846153846 0.028846153846153848 0.13701923076923078
17 0.9014423076923077 0.1935096153846154 0.028846153846153848 0.13701923076923078
18 0.057692307692307696 0.44591346153846156 0.052884615384615384 0.08653846153846154
18 0.109375 0.4483173076923077 0.052884615384615384 0.08653846153846154
19 0.2127403846153846 0.44350961538461536 0.03125 0.10336538461538461
19 0.24278846153846154 0.44350961538461536 0.03125 0.10336538461538461
20 0.34615384615384615 0.4387019230769231 0.028846153846153848 0.09615384615384616
20 0.3762019230769231 0.4362980769230769 0.028846153846153848 0.09615384615384616
21 0.4879807692307692 0.4387019230769231 0.028846153846153848 0.0985576923076923
21 0.5132211538461539 0.4375 0.028846153846153848 0.0985576923076923
1 0.6286057692307693 0.453125 0.028846153846153848 0.10576923076923077
1 0.6574519230769231 0.453125 0.028846153846153848 0.10576923076923077
2 0.7632211538461539 0.4423076923076923 0.03125 0.11057692307692307
2 0.7932692307692307 0.43990384615384615 0.03125 0.11057692307692307
3 0.8954326923076923 0.44711538461538464 0.028846153846153848 0.10336538461538461
3 0.9242788461538461 0.44711538461538464 0.028846153846153848 0.10336538461538461
4 0.05889423076923077 0.6646634615384616 0.04567307692307692 0.0985576923076923
4 0.10336538461538461 0.6634615384615384 0.04567307692307692 0.0985576923076923
5 0.2091346153846154 0.6670673076923077 0.03365384615384615 0.08413461538461539
5 0.24158653846153846 0.6706730769230769 0.03365384615384615 0.08413461538461539
6 0.3485576923076923 0.6730769230769231 0.026442307692307692 0.08653846153846154
6 0.3762019230769231 0.6730769230769231 0.028846153846153848 0.08653846153846154
7 0.6225961538461539 0.6550480769230769 0.026442307692307692 0.07692307692307693
7 0.6478365384615384 0.6550480769230769 0.026442307692307692 0.07692307692307693
8 0.7620192307692307 0.6670673076923077 0.03365384615384615 0.07211538461538461
8 0.796875 0.6670673076923077 0.03365384615384615 0.07211538461538461
9 0.9026442307692307 0.6610576923076923 0.028846153846153848 0.07932692307692307
9 0.9302884615384616 0.6598557692307693 0.028846153846153848 0.07932692307692307
10 0.06490384615384616 0.8545673076923077 0.026442307692307692 0.07211538461538461
10 0.09014423076923077 0.8545673076923077 0.026442307692307692 0.07211538461538461
12 0.203125 0.8581730769230769 0.02403846153846154 0.06009615384615385
12 0.2283653846153846 0.8569711538461539 0.02403846153846154 0.0625
13 0.4110576923076923 0.8689903846153846 0.028846153846153848 0.057692307692307696
13 0.4423076923076923 0.8689903846153846 0.028846153846153848 0.057692307692307696
14 0.5492788461538461 0.8629807692307693 0.026442307692307692 0.04567307692307692
14 0.5769230769230769 0.8641826923076923 0.028846153846153848 0.04567307692307692
22 0.7776442307692307 0.8701923076923077 0.02403846153846154 0.0985576923076923
23 0.9086538461538461 0.8641826923076923 0.03365384615384615 0.06009615384615385