0 0.0889423076923077 0.17307692307692307 0.04567307692307692 0.14903846153846154
0 0.13701923076923078 0.171875 0.04807692307692308 0.1466346153846154
11 0.2956730769230769 0.18389423076923078 0.026442307692307692 0.1466346153846154
11 0.3245192307692308 0.18269230769230768 0.028846153846153848 0.14903846153846154
15 0.48677884615384615 0.17668269230769232 0.028846153846153848 0.14182692307692307
15 0.5288461538461539 0.20192307692307693 0.052884615384615384 0.09615384615384616
16 0.6826923076923077 0.19230769230769232 0.03125 0.10576923076923077
16 0.7127403846153846 0.19230769230769232 0.03125 0.11298076923076923
17 0.8786057692307693 0.19831730769230768 0.026442307692307692 0.10576923076923077
17 0.9086538461538461 0.19831730769230768 0.03365384615384615 0.10576923076923077
18 0.06850961538461539 0.4423076923076923 0.026442307692307692 0.10576923076923077
18 0.09615384615384616 0.44471153846153844 0.028846153846153848 0.10817307692307693
19 0.21033653846153846 0.45072115384615385 0.028846153846153848 0.11057692307692307
19 0.23798076923076922 0.45072115384615385 0.028846153846153848 0.11298076923076923
20 0.34615384615384615 0.44591346153846156 0.026442307692307692 0.09375
20 0.375 0.44711538461538464 0.028846153846153848 0.09375
21 0.4891826923076923 0.44471153846153844 0.03125 0.08653846153846154
21 0.5180288461538461 0.44471153846153844 0.026442307692307692 0.08413461538461539
1 0.6262019230769231 0.4483173076923077 0.03365384615384615 0.08413461538461539
1 0.6598557692307693 0.4483173076923077 0.03125 0.08653846153846154
2 0.7716346153846154 0.4483173076923077 0.021634615384615384 0.09615384615384616
2 0.7956730769230769 0.4495192307692308 0.021634615384615384 0.0985576923076923
3 0.9026442307692307 0.4519230769230769 0.03365384615384615 0.08653846153846154
3 0.9399038461538461 0.4519230769230769 0.036057692307692304 0.09375
4 0.06971153846153846 0.6754807692307693 0.028846153846153848 0.07932692307692307
4 0.09615384615384616 0.6766826923076923 0.021634615384615384 0.08653846153846154
5 0.21394230769230768 0.6730769230769231 0.019230769230769232 0.07451923076923077
5 0.23798076923076922 0.6754807692307693 0.021634615384615384 0.07932692307692307
6 0.3557692307692308 0.6790865384615384 0.026442307692307692 0.08653846153846154
6 0.38100961538461536 0.6802884615384616 0.026442307692307692 0.0889423076923077
7 0.6322115384615384 0.6574519230769231 0.026442307692307692 0.07692307692307693
7 0.6598557692307693 0.6586538461538461 0.026442307692307692 0.07932692307692307
8 0.7644230769230769 0.6658653846153846 0.026442307692307692 0.0673076923076923
8 0.7908653846153846 0.6670673076923077 0.028846153846153848 0.06971153846153846
9 0.90625 0.6646634615384616 0.026442307692307692 0.0673076923076923
9 0.9399038461538461 0.6646634615384616 0.028846153846153848 0.0673076923076923
10 0.06490384615384616 0.859375 0.03125 0.0673076923076923
10 0.09254807692307693 0.8617788461538461 0.021634615384615384 0.07451923076923077
12 0.21153846153846154 0.8605769230769231 0.036057692307692304 0.06490384615384616
12 0.2439903846153846 0.8641826923076923 0.03125 0.06490384615384616
13 0.41466346153846156 0.8617788461538461 0.03365384615384615 0.04326923076923077
13 0.4483173076923077 0.8617788461538461 0.03125 0.04326923076923077
14 0.5540865384615384 0.8605769230769231 0.028846153846153848 0.06009615384615385
14 0.5793269230769231 0.8617788461538461 0.02403846153846154 0.0625
22 0.7584134615384616 0.8822115384615384 0.038461538461538464 0.055288461538461536
22 0.796875 0.8677884615384616 0.03365384615384615 0.09375