0 0.0889423076923077 0.171875 0.02403846153846154 0.13701923076923078
0 0.12259615384615384 0.17548076923076922 0.03125 0.14423076923076922
11 0.2776442307692308 0.18870192307692307 0.028846153846153848 0.13221153846153846
11 0.31850961538461536 0.18870192307692307 0.03365384615384615 0.125
15 0.4735576923076923 0.19230769230769232 0.05048076923076923 0.07932692307692307
15 0.5216346153846154 0.17548076923076922 0.028846153846153848 0.11298076923076923
16 0.6730769230769231 0.19230769230769232 0.028846153846153848 0.09375
16 0.703125 0.19230769230769232 0.028846153846153848 0.0985576923076923
17 0.8774038461538461 0.18509615384615385 0.026442307692307692 0.09375
17 0.9074519230769231 0.18629807692307693 0.019230769230769232 0.0985576923076923
18 0.06850961538461539 0.4423076923076923 0.021634615384615384 0.0985576923076923
18 0.09615384615384616 0.44471153846153844 0.02403846153846154 0.0889423076923077
19 0.20673076923076922 0.44711538461538464 0.019230769230769232 0.08653846153846154
19 0.23798076923076922 0.4483173076923077 0.028846153846153848 0.09134615384615384
20 0.33653846153846156 0.44471153846153844 0.028846153846153848 0.07692307692307693
20 0.38100961538461536 0.4483173076923077 0.026442307692307692 0.07932692307692307
21 0.47475961538461536 0.44711538461538464 0.026442307692307692 0.07932692307692307
21 0.5252403846153846 0.4519230769230769 0.028846153846153848 0.07451923076923077
1 0.6201923076923077 0.44471153846153844 0.026442307692307692 0.07451923076923077
1 0.6610576923076923 0.4495192307692308 0.028846153846153848 0.0673076923076923
2 0.7548076923076923 0.4423076923076923 0.026442307692307692 0.07692307692307693
2 0.8004807692307693 0.4387019230769231 0.02403846153846154 0.07932692307692307
3 0.8918269230769231 0.4387019230769231 0.02403846153846154 0.08173076923076923
3 0.9495192307692307 0.4338942307692308 0.021634615384615384 0.08653846153846154
4 0.06610576923076923 0.6634615384615384 0.021634615384615384 0.0673076923076923
4 0.09615384615384616 0.6658653846153846 0.026442307692307692 0.06490384615384616
5 0.20673076923076922 0.6706730769230769 0.019230769230769232 0.0673076923076923
5 0.23076923076923078 0.6658653846153846 0.026442307692307692 0.057692307692307696
6 0.3485576923076923 0.6730769230769231 0.02403846153846154 0.057692307692307696
6 0.37259615384615385 0.6706730769230769 0.021634615384615384 0.0625
7 0.6298076923076923 0.6706730769230769 0.019230769230769232 0.055288461538461536
7 0.6526442307692307 0.6658653846153846 0.026442307692307692 0.05048076923076923
8 0.7704326923076923 0.6634615384615384 0.026442307692307692 0.052884615384615384
8 0.796875 0.6634615384615384 0.026442307692307692 0.052884615384615384
9 0.9086538461538461 0.6622596153846154 0.021634615384615384 0.05048076923076923
9 0.9302884615384616 0.6634615384615384 0.026442307692307692 0.052884615384615384
10 0.06850961538461539 0.8581730769230769 0.021634615384615384 0.04326923076923077
10 0.09014423076923077 0.8605769230769231 0.019230769230769232 0.04326923076923077
12 0.20552884615384615 0.8581730769230769 0.019230769230769232 0.038461538461538464
12 0.23076923076923078 0.8557692307692307 0.019230769230769232 0.038461538461538464
13 0.41225961538461536 0.8629807692307693 0.02403846153846154 0.03125
13 0.4338942307692308 0.8605769230769231 0.021634615384615384 0.028846153846153848
14 0.5540865384615384 0.8581730769230769 0.016826923076923076 0.038461538461538464
14 0.5769230769230769 0.859375 0.019230769230769232 0.038461538461538464
22 0.7776442307692307 0.859375 0.028846153846153848 0.07932692307692307
23 0.9158653846153846 0.8677884615384616 0.02403846153846154 0.04326923076923077