0 0.09375 0.17067307692307693 0.028846153846153848 0.14903846153846154
0 0.13942307692307693 0.19471153846153846 0.057692307692307696 0.10096153846153846
11 0.2980769230769231 0.18269230769230768 0.03365384615384615 0.14182692307692307
11 0.3329326923076923 0.18269230769230768 0.03365384615384615 0.14182692307692307
15 0.49399038461538464 0.171875 0.028846153846153848 0.12259615384615384
15 0.5264423076923077 0.171875 0.028846153846153848 0.12259615384615384
16 0.6875 0.1875 0.028846153846153848 0.11778846153846154
16 0.7175480769230769 0.18870192307692307 0.028846153846153848 0.11778846153846154
17 0.8942307692307693 0.1875 0.028846153846153848 0.11538461538461539
17 0.9230769230769231 0.18629807692307693 0.028846153846153848 0.11298076923076923
18 0.06129807692307692 0.453125 0.04567307692307692 0.09375
18 0.10817307692307693 0.4519230769230769 0.05048076923076923 0.10336538461538461
19 0.21394230769230768 0.44591346153846156 0.021634615384615384 0.10576923076923077
19 0.23918269230769232 0.4483173076923077 0.021634615384615384 0.10576923076923077
20 0.35096153846153844 0.4483173076923077 0.02403846153846154 0.0985576923076923
20 0.3762019230769231 0.45072115384615385 0.02403846153846154 0.0985576923076923
21 0.5144230769230769 0.4411057692307692 0.02403846153846154 0.0985576923076923
21 0.4855769230769231 0.4387019230769231 0.03125 0.09375
1 0.625 0.44471153846153844 0.026442307692307692 0.09375
1 0.6538461538461539 0.4423076923076923 0.026442307692307692 0.09375
2 0.7692307692307693 0.44350961538461536 0.028846153846153848 0.08653846153846154
2 0.7956730769230769 0.4423076923076923 0.028846153846153848 0.08653846153846154
3 0.9074519230769231 0.4495192307692308 0.028846153846153848 0.09375
3 0.9362980769230769 0.4519230769230769 0.028846153846153848 0.09375
4 0.07091346153846154 0.6778846153846154 0.028846153846153848 0.08173076923076923
4 0.0985576923076923 0.6802884615384616 0.026442307692307692 0.08173076923076923
5 0.21875 0.6754807692307693 0.028846153846153848 0.07451923076923077
5 0.24759615384615385 0.6754807692307693 0.028846153846153848 0.07451923076923077
6 0.35096153846153844 0.6754807692307693 0.02403846153846154 0.07451923076923077
6 0.3737980769230769 0.6766826923076923 0.021634615384615384 0.07211538461538461
7 0.6322115384615384 0.6622596153846154 0.021634615384615384 0.06971153846153846
7 0.6538461538461539 0.6622596153846154 0.021634615384615384 0.06971153846153846
8 0.7620192307692307 0.6658653846153846 0.026442307692307692 0.07451923076923077
8 0.7872596153846154 0.6670673076923077 0.026442307692307692 0.07451923076923077
9 0.9086538461538461 0.6634615384615384 0.021634615384615384 0.0625
9 0.9338942307692307 0.6634615384615384 0.021634615384615384 0.0625
10 0.07572115384615384 0.8581730769230769 0.021634615384615384 0.05048076923076923
10 0.09975961538461539 0.8569711538461539 0.021634615384615384 0.05048076923076923
12 0.21514423076923078 0.8605769230769231 0.026442307692307692 0.055288461538461536
12 0.2403846153846154 0.8605769230769231 0.026442307692307692 0.055288461538461536
13 0.4206730769230769 0.8641826923076923 0.02403846153846154 0.040865384615384616
13 0.4423076923076923 0.8641826923076923 0.02403846153846154 0.040865384615384616
14 0.5588942307692307 0.8617788461538461 0.02403846153846154 0.0625
14 0.5841346153846154 0.8641826923076923 0.02403846153846154 0.0625
22 0.7680288461538461 0.8701923076923077 0.028846153846153848 0.0985576923076923
22 0.796875 0.8689903846153846 0.028846153846153848 0.0985576923076923