0 0.078125 0.18028846153846154 0.06009615384615385 0.10096153846153846
0 0.12379807692307693 0.1658653846153846 0.038461538461538464 0.12980769230769232
11 0.28725961538461536 0.18509615384615385 0.036057692307692304 0.125
11 0.32091346153846156 0.18269230769230768 0.036057692307692304 0.125
15 0.4723557692307692 0.17668269230769232 0.026442307692307692 0.11778846153846154
15 0.5012019230769231 0.17668269230769232 0.03125 0.11778846153846154
16 0.6838942307692307 0.1875 0.028846153846153848 0.10576923076923077
16 0.7091346153846154 0.1875 0.028846153846153848 0.10576923076923077
17 0.8798076923076923 0.18629807692307693 0.028846153846153848 0.0985576923076923
17 0.9098557692307693 0.18629807692307693 0.028846153846153848 0.0985576923076923
18 0.06971153846153846 0.4423076923076923 0.028846153846153848 0.09134615384615384
18 0.09735576923076923 0.4423076923076923 0.028846153846153848 0.09134615384615384
19 0.20673076923076922 0.44471153846153844 0.028846153846153848 0.08173076923076923
19 0.234375 0.44711538461538464 0.028846153846153848 0.08173076923076923
20 0.34375 0.44711538461538464 0.026442307692307692 0.08173076923076923
20 0.3701923076923077 0.4483173076923077 0.026442307692307692 0.08173076923076923
21 0.48197115384615385 0.4423076923076923 0.028846153846153848 0.07932692307692307
21 0.5108173076923077 0.4375 0.028846153846153848 0.07932692307692307
1 0.6262019230769231 0.4423076923076923 0.02403846153846154 0.0889423076923077
1 0.6490384615384616 0.43990384615384615 0.026442307692307692 0.0889423076923077
2 0.7692307692307693 0.43990384615384615 0.026442307692307692 0.07211538461538461
2 0.7956730769230769 0.43990384615384615 0.028846153846153848 0.07451923076923077
3 0.9002403846153846 0.4483173076923077 0.028846153846153848 0.0889423076923077
3 0.9278846153846154 0.44711538461538464 0.028846153846153848 0.0889423076923077
4 0.07211538461538461 0.6646634615384616 0.028846153846153848 0.06971153846153846
4 0.09975961538461539 0.6670673076923077 0.028846153846153848 0.06971153846153846
5 0.21033653846153846 0.6658653846153846 0.028846153846153848 0.06490384615384616
5 0.23798076923076922 0.6658653846153846 0.028846153846153848 0.06490384615384616
6 0.3425480769230769 0.6730769230769231 0.028846153846153848 0.06971153846153846
6 0.3701923076923077 0.6730769230769231 0.026442307692307692 0.06971153846153846
7 0.6298076923076923 0.6634615384615384 0.028846153846153848 0.06009615384615385
7 0.6586538461538461 0.6634615384615384 0.028846153846153848 0.06009615384615385
8 0.7668269230769231 0.6598557692307693 0.028846153846153848 0.06009615384615385
8 0.7956730769230769 0.6598557692307693 0.028846153846153848 0.06009615384615385
9 0.9098557692307693 0.6634615384615384 0.021634615384615384 0.0673076923076923
9 0.9326923076923077 0.6634615384615384 0.021634615384615384 0.0673076923076923
10 0.07091346153846154 0.8545673076923077 0.03125 0.057692307692307696
10 0.10216346153846154 0.8545673076923077 0.03125 0.057692307692307696
12 0.20793269230769232 0.8605769230769231 0.028846153846153848 0.057692307692307696
12 0.23557692307692307 0.8605769230769231 0.028846153846153848 0.057692307692307696
13 0.41346153846153844 0.8605769230769231 0.026442307692307692 0.052884615384615384
13 0.4423076923076923 0.859375 0.026442307692307692 0.052884615384615384
14 0.5552884615384616 0.8641826923076923 0.021634615384615384 0.057692307692307696
14 0.5805288461538461 0.8653846153846154 0.026442307692307692 0.057692307692307696
22 0.7776442307692307 0.8605769230769231 0.028846153846153848 0.09615384615384616
23 0.9098557692307693 0.8605769230769231 0.028846153846153848 0.04326923076923077