0 0.10216346153846154 0.17908653846153846 0.03365384615384615 0.14903846153846154
0 0.12740384615384615 0.1778846153846154 0.021634615384615384 0.14903846153846154
11 0.2920673076923077 0.19110576923076922 0.019230769230769232 0.15144230769230768
11 0.31850961538461536 0.18870192307692307 0.03365384615384615 0.15625
15 0.4855769230769231 0.18028846153846154 0.028846153846153848 0.1201923076923077
15 0.5144230769230769 0.1778846153846154 0.028846153846153848 0.1201923076923077
16 0.6826923076923077 0.19110576923076922 0.021634615384615384 0.125
16 0.7055288461538461 0.18870192307692307 0.021634615384615384 0.125
17 0.8846153846153846 0.1935096153846154 0.019230769230769232 0.11298076923076923
17 0.9074519230769231 0.1935096153846154 0.019230769230769232 0.11298076923076923
18 0.07211538461538461 0.4411057692307692 0.02403846153846154 0.10576923076923077
18 0.09495192307692307 0.4411057692307692 0.02403846153846154 0.10576923076923077
19 0.2127403846153846 0.43990384615384615 0.028846153846153848 0.09615384615384616
19 0.23918269230769232 0.4362980769230769 0.028846153846153848 0.09615384615384616
20 0.3473557692307692 0.44471153846153844 0.021634615384615384 0.09134615384615384
20 0.36899038461538464 0.44471153846153844 0.021634615384615384 0.09134615384615384
21 0.4879807692307692 0.4362980769230769 0.026442307692307692 0.08173076923076923
21 0.5120192307692307 0.4362980769230769 0.02403846153846154 0.08173076923076923
1 0.6274038461538461 0.4387019230769231 0.028846153846153848 0.08653846153846154
1 0.6538461538461539 0.4387019230769231 0.028846153846153848 0.08653846153846154
2 0.7620192307692307 0.4411057692307692 0.028846153846153848 0.08653846153846154
2 0.7908653846153846 0.4375 0.028846153846153848 0.08653846153846154
3 0.9050480769230769 0.44711538461538464 0.021634615384615384 0.0985576923076923
3 0.9254807692307693 0.4483173076923077 0.021634615384615384 0.0985576923076923
4 0.06490384615384616 0.6706730769230769 0.021634615384615384 0.08653846153846154
4 0.0889423076923077 0.6730769230769231 0.021634615384615384 0.08653846153846154
5 0.2127403846153846 0.6646634615384616 0.021634615384615384 0.07451923076923077
5 0.23317307692307693 0.6634615384615384 0.021634615384615384 0.07451923076923077
6 0.35336538461538464 0.6754807692307693 0.016826923076923076 0.07451923076923077
6 0.3737980769230769 0.6766826923076923 0.016826923076923076 0.07451923076923077
7 0.6213942307692307 0.6610576923076923 0.019230769230769232 0.07932692307692307
7 0.6418269230769231 0.6586538461538461 0.019230769230769232 0.07932692307692307
8 0.7608173076923077 0.6646634615384616 0.028846153846153848 0.06971153846153846
8 0.7884615384615384 0.6646634615384616 0.028846153846153848 0.06971153846153846
9 0.9050480769230769 0.6670673076923077 0.019230769230769232 0.07451923076923077
9 0.9266826923076923 0.6670673076923077 0.019230769230769232 0.07451923076923077
10 0.06490384615384616 0.8581730769230769 0.021634615384615384 0.055288461538461536
10 0.08653846153846154 0.8569711538461539 0.021634615384615384 0.055288461538461536
12 0.20192307692307693 0.8569711538461539 0.026442307692307692 0.057692307692307696
12 0.22355769230769232 0.8569711538461539 0.02403846153846154 0.057692307692307696
13 0.4182692307692308 0.8665865384615384 0.019230769230769232 0.052884615384615384
13 0.4362980769230769 0.8641826923076923 0.019230769230769232 0.052884615384615384
14 0.5600961538461539 0.8677884615384616 0.016826923076923076 0.0625
14 0.5769230769230769 0.8677884615384616 0.016826923076923076 0.0625
22 0.7776442307692307 0.8629807692307693 0.03125 0.09375
23 0.9230769230769231 0.8677884615384616 0.021634615384615384 0.057692307692307696