0 0.1141826923076923 0.18269230769230768 0.021634615384615384 0.15865384615384615
0 0.13701923076923078 0.1814903846153846 0.021634615384615384 0.15865384615384615
11 0.31009615384615385 0.18028846153846154 0.021634615384615384 0.1466346153846154
11 0.3329326923076923 0.18028846153846154 0.021634615384615384 0.1466346153846154
15 0.4987980769230769 0.1935096153846154 0.026442307692307692 0.125
15 0.5288461538461539 0.1935096153846154 0.026442307692307692 0.125
16 0.6838942307692307 0.19230769230769232 0.021634615384615384 0.10096153846153846
16 0.7043269230769231 0.19230769230769232 0.021634615384615384 0.10096153846153846
17 0.890625 0.1971153846153846 0.026442307692307692 0.125
17 0.9182692307692307 0.19471153846153846 0.026442307692307692 0.125
18 0.07932692307692307 0.4387019230769231 0.028846153846153848 0.10576923076923077
18 0.1045673076923077 0.4387019230769231 0.026442307692307692 0.10576923076923077
19 0.1971153846153846 0.4387019230769231 0.02403846153846154 0.0985576923076923
19 0.21995192307692307 0.4387019230769231 0.02403846153846154 0.0985576923076923
20 0.35216346153846156 0.4483173076923077 0.026442307692307692 0.0889423076923077
20 0.38100961538461536 0.4483173076923077 0.026442307692307692 0.0889423076923077
21 0.49399038461538464 0.4543269230769231 0.019230769230769232 0.0985576923076923
21 0.5180288461538461 0.4543269230769231 0.019230769230769232 0.0985576923076923
1 0.6370192307692307 0.4483173076923077 0.021634615384615384 0.08653846153846154
1 0.6586538461538461 0.4483173076923077 0.021634615384615384 0.08653846153846154
2 0.7692307692307693 0.4675480769230769 0.028846153846153848 0.07692307692307693
2 0.7980769230769231 0.4675480769230769 0.028846153846153848 0.07692307692307693
3 0.9002403846153846 0.4519230769230769 0.036057692307692304 0.07932692307692307
3 0.9350961538461539 0.4483173076923077 0.036057692307692304 0.07932692307692307
4 0.057692307692307696 0.6730769230769231 0.021634615384615384 0.07932692307692307
4 0.0829326923076923 0.6730769230769231 0.02403846153846154 0.07932692307692307
5 0.19831730769230768 0.6730769230769231 0.019230769230769232 0.07932692307692307
5 0.21875 0.6730769230769231 0.021634615384615384 0.07932692307692307
6 0.33533653846153844 0.6706730769230769 0.021634615384615384 0.06490384615384616
6 0.35697115384615385 0.6670673076923077 0.026442307692307692 0.07451923076923077
7 0.6346153846153846 0.6574519230769231 0.019230769230769232 0.0625
7 0.6586538461538461 0.65625 0.019230769230769232 0.0625
8 0.7716346153846154 0.6610576923076923 0.02403846153846154 0.06009615384615385
8 0.796875 0.6598557692307693 0.02403846153846154 0.06009615384615385
9 0.8918269230769231 0.6574519230769231 0.02403846153846154 0.06971153846153846
9 0.9134615384615384 0.6574519230769231 0.02403846153846154 0.06971153846153846
10 0.06129807692307692 0.8581730769230769 0.021634615384615384 0.06490384615384616
10 0.07932692307692307 0.8581730769230769 0.021634615384615384 0.06490384615384616
12 0.21514423076923078 0.8581730769230769 0.019230769230769232 0.057692307692307696
12 0.23557692307692307 0.8581730769230769 0.019230769230769232 0.057692307692307696
13 0.41466346153846156 0.8641826923076923 0.021634615384615384 0.05048076923076923
13 0.4362980769230769 0.8653846153846154 0.021634615384615384 0.05048076923076923
14 0.5697115384615384 0.8665865384615384 0.02403846153846154 0.055288461538461536
14 0.5925480769230769 0.8677884615384616 0.02403846153846154 0.055288461538461536
22 0.7728365384615384 0.8677884615384616 0.028846153846153848 0.10576923076923077
23 0.9146634615384616 0.8629807692307693 0.036057692307692304 0.0625