0 0.0733173076923077 0.171875 0.04567307692307692 0.12980769230769232
0 0.11899038461538461 0.22355769230769232 0.04567307692307692 0.08413461538461539
11 0.30408653846153844 0.17668269230769232 0.026442307692307692 0.15625
11 0.33774038461538464 0.19471153846153846 0.038461538461538464 0.1201923076923077
15 0.46153846153846156 0.1778846153846154 0.026442307692307692 0.12740384615384615
15 0.49038461538461536 0.18028846153846154 0.03125 0.13942307692307693
16 0.6634615384615384 0.17548076923076922 0.028846153846153848 0.11298076923076923
16 0.6935096153846154 0.17668269230769232 0.026442307692307692 0.11778846153846154
17 0.8798076923076923 0.18870192307692307 0.021634615384615384 0.11538461538461539
17 0.9086538461538461 0.18990384615384615 0.021634615384615384 0.11057692307692307
18 0.056490384615384616 0.4483173076923077 0.021634615384615384 0.11057692307692307
18 0.09615384615384616 0.4519230769230769 0.026442307692307692 0.0985576923076923
19 0.19471153846153846 0.44591346153846156 0.03365384615384615 0.10576923076923077
19 0.23076923076923078 0.45072115384615385 0.021634615384615384 0.09615384615384616
20 0.33774038461538464 0.4495192307692308 0.021634615384615384 0.0985576923076923
20 0.3713942307692308 0.46153846153846156 0.028846153846153848 0.0673076923076923
21 0.49158653846153844 0.4411057692307692 0.021634615384615384 0.09375
21 0.5204326923076923 0.44471153846153844 0.021634615384615384 0.08413461538461539
1 0.6274038461538461 0.4362980769230769 0.026442307692307692 0.07451923076923077
1 0.6526442307692307 0.4387019230769231 0.026442307692307692 0.07692307692307693
2 0.7728365384615384 0.44471153846153844 0.019230769230769232 0.0889423076923077
2 0.7992788461538461 0.4483173076923077 0.021634615384615384 0.0889423076923077
3 0.8930288461538461 0.44471153846153844 0.016826923076923076 0.09134615384615384
3 0.9158653846153846 0.44471153846153844 0.021634615384615384 0.08413461538461539
4 0.0733173076923077 0.6887019230769231 0.016826923076923076 0.07451923076923077
4 0.0985576923076923 0.6983173076923077 0.019230769230769232 0.07211538461538461
5 0.21033653846153846 0.6814903846153846 0.021634615384615384 0.07451923076923077
5 0.234375 0.6802884615384616 0.019230769230769232 0.07211538461538461
6 0.34134615384615385 0.6826923076923077 0.019230769230769232 0.07932692307692307
6 0.3641826923076923 0.6826923076923077 0.016826923076923076 0.07451923076923077
7 0.6141826923076923 0.6742788461538461 0.02403846153846154 0.05048076923076923
7 0.6454326923076923 0.6742788461538461 0.019230769230769232 0.057692307692307696
8 0.7560096153846154 0.6826923076923077 0.021634615384615384 0.05048076923076923
8 0.7752403846153846 0.6766826923076923 0.019230769230769232 0.057692307692307696
9 0.9170673076923077 0.6706730769230769 0.021634615384615384 0.052884615384615384
9 0.9399038461538461 0.6706730769230769 0.021634615384615384 0.055288461538461536
10 0.057692307692307696 0.8581730769230769 0.016826923076923076 0.04326923076923077
10 0.07692307692307693 0.8545673076923077 0.019230769230769232 0.04326923076923077
12 0.203125 0.8677884615384616 0.02403846153846154 0.04326923076923077
12 0.2283653846153846 0.8605769230769231 0.019230769230769232 0.04326923076923077
13 0.4230769230769231 0.8605769230769231 0.019230769230769232 0.038461538461538464
13 0.44471153846153844 0.8569711538461539 0.02403846153846154 0.040865384615384616
14 0.546875 0.8605769230769231 0.016826923076923076 0.038461538461538464
14 0.5637019230769231 0.8581730769230769 0.016826923076923076 0.04326923076923077
22 0.765625 0.8701923076923077 0.02403846153846154 0.09375
22 0.7956730769230769 0.8581730769230769 0.028846153846153848 0.07451923076923077