0 0.09375 0.18509615384615385 0.036057692307692304 0.23798076923076922
0 0.13701923076923078 0.18389423076923078 0.057692307692307696 0.2403846153846154
11 0.2824519230769231 0.18509615384615385 0.038461538461538464 0.23798076923076922
11 0.3233173076923077 0.18028846153846154 0.04807692307692308 0.23317307692307693
15 0.48677884615384615 0.18990384615384615 0.05048076923076923 0.18990384615384615
15 0.5348557692307693 0.18870192307692307 0.05048076923076923 0.1875
16 0.6694711538461539 0.18269230769230768 0.057692307692307696 0.18028846153846154
16 0.7211538461538461 0.1814903846153846 0.057692307692307696 0.18028846153846154
17 0.8677884615384616 0.19831730769230768 0.038461538461538464 0.17067307692307693
17 0.9110576923076923 0.19591346153846154 0.038461538461538464 0.17067307692307693
18 0.06370192307692307 0.453125 0.04567307692307692 0.17307692307692307
18 0.1141826923076923 0.453125 0.057692307692307696 0.1778846153846154
19 0.20432692307692307 0.4519230769230769 0.038461538461538464 0.16105769230769232
19 0.2439903846153846 0.4519230769230769 0.038461538461538464 0.16105769230769232
20 0.3449519230769231 0.4519230769230769 0.038461538461538464 0.15384615384615385
20 0.38100961538461536 0.4519230769230769 0.038461538461538464 0.15384615384615385
21 0.4735576923076923 0.46153846153846156 0.06009615384615385 0.13701923076923078
21 0.5264423076923077 0.4495192307692308 0.06009615384615385 0.13701923076923078
1 0.6177884615384616 0.4519230769230769 0.04567307692307692 0.13701923076923078
1 0.6634615384615384 0.4543269230769231 0.04567307692307692 0.13701923076923078
2 0.7632211538461539 0.45552884615384615 0.036057692307692304 0.15625
2 0.7980769230769231 0.4579326923076923 0.03365384615384615 0.15384615384615385
3 0.9026442307692307 0.4543269230769231 0.036057692307692304 0.15625
3 0.9387019230769231 0.4579326923076923 0.03365384615384615 0.15384615384615385
4 0.06370192307692307 0.6766826923076923 0.03365384615384615 0.12259615384615384
4 0.10096153846153846 0.6766826923076923 0.03365384615384615 0.12259615384615384
5 0.203125 0.6706730769230769 0.038461538461538464 0.11057692307692307
5 0.24278846153846154 0.6706730769230769 0.038461538461538464 0.11057692307692307
6 0.3389423076923077 0.6790865384615384 0.038461538461538464 0.11778846153846154
6 0.3786057692307692 0.6766826923076923 0.038461538461538464 0.11778846153846154
7 0.6201923076923077 0.6634615384615384 0.04326923076923077 0.10576923076923077
7 0.6598557692307693 0.6658653846153846 0.04326923076923077 0.10576923076923077
8 0.7560096153846154 0.6658653846153846 0.038461538461538464 0.1201923076923077
8 0.7932692307692307 0.6634615384615384 0.038461538461538464 0.1201923076923077
9 0.9014423076923077 0.6634615384615384 0.03365384615384615 0.11298076923076923
9 0.9435096153846154 0.6622596153846154 0.04326923076923077 0.11057692307692307
10 0.06009615384615385 0.8605769230769231 0.038461538461538464 0.09375
10 0.09735576923076923 0.8605769230769231 0.038461538461538464 0.09375
12 0.20072115384615385 0.8605769230769231 0.03125 0.0985576923076923
12 0.23317307692307693 0.8617788461538461 0.03125 0.0985576923076923
13 0.4110576923076923 0.8545673076923077 0.038461538461538464 0.0889423076923077
13 0.453125 0.8569711538461539 0.038461538461538464 0.0889423076923077
14 0.5504807692307693 0.8689903846153846 0.038461538461538464 0.09615384615384616
14 0.5877403846153846 0.8689903846153846 0.038461538461538464 0.09615384615384616
22 0.7584134615384616 0.8665865384615384 0.04326923076923077 0.1778846153846154
22 0.8016826923076923 0.8689903846153846 0.052884615384615384 0.17548076923076922