0 0.08052884615384616 0.2091346153846154 0.0625 0.09615384615384616
0 0.12860576923076922 0.1875 0.02403846153846154 0.13942307692307693
11 0.3004807692307692 0.18870192307692307 0.028846153846153848 0.125
11 0.33774038461538464 0.1875 0.028846153846153848 0.125
15 0.49158653846153844 0.19591346153846154 0.021634615384615384 0.11538461538461539
15 0.5192307692307693 0.19951923076923078 0.021634615384615384 0.11298076923076923
16 0.703125 0.20552884615384615 0.021634615384615384 0.09615384615384616
16 0.7367788461538461 0.20793269230769232 0.021634615384615384 0.09615384615384616
17 0.8774038461538461 0.203125 0.019230769230769232 0.0985576923076923
17 0.90625 0.20192307692307693 0.02403846153846154 0.10817307692307693
18 0.07211538461538461 0.4519230769230769 0.016826923076923076 0.0985576923076923
18 0.09615384615384616 0.453125 0.019230769230769232 0.09375
19 0.19831730769230768 0.4519230769230769 0.019230769230769232 0.0985576923076923
19 0.22355769230769232 0.453125 0.019230769230769232 0.0985576923076923
20 0.33653846153846156 0.4567307692307692 0.028846153846153848 0.07932692307692307
20 0.36899038461538464 0.453125 0.028846153846153848 0.07932692307692307
21 0.4987980769230769 0.4543269230769231 0.021634615384615384 0.07932692307692307
21 0.5264423076923077 0.4519230769230769 0.021634615384615384 0.07932692307692307
1 0.6358173076923077 0.4543269230769231 0.019230769230769232 0.07932692307692307
1 0.6586538461538461 0.4519230769230769 0.019230769230769232 0.07932692307692307
2 0.7776442307692307 0.44711538461538464 0.019230769230769232 0.07932692307692307
2 0.8088942307692307 0.4483173076923077 0.019230769230769232 0.07932692307692307
3 0.9134615384615384 0.44471153846153844 0.021634615384615384 0.07932692307692307
3 0.9411057692307693 0.43990384615384615 0.021634615384615384 0.07932692307692307
4 0.07692307692307693 0.6826923076923077 0.021634615384615384 0.055288461538461536
4 0.10697115384615384 0.6826923076923077 0.021634615384615384 0.055288461538461536
5 0.22115384615384615 0.6875 0.026442307692307692 0.055288461538461536
5 0.24759615384615385 0.6862980769230769 0.02403846153846154 0.06971153846153846
6 0.3389423076923077 0.6826923076923077 0.019230769230769232 0.0673076923076923
6 0.36778846153846156 0.6826923076923077 0.019230769230769232 0.0673076923076923
7 0.6346153846153846 0.6694711538461539 0.021634615384615384 0.055288461538461536
7 0.6586538461538461 0.6730769230769231 0.021634615384615384 0.055288461538461536
8 0.7596153846153846 0.6754807692307693 0.02403846153846154 0.055288461538461536
8 0.78125 0.6706730769230769 0.02403846153846154 0.055288461538461536
9 0.9074519230769231 0.6754807692307693 0.019230769230769232 0.04807692307692308
9 0.9326923076923077 0.6706730769230769 0.019230769230769232 0.04807692307692308
10 0.06129807692307692 0.8629807692307693 0.016826923076923076 0.052884615384615384
10 0.08173076923076923 0.8665865384615384 0.016826923076923076 0.052884615384615384
12 0.20673076923076922 0.8605769230769231 0.019230769230769232 0.04807692307692308
12 0.23197115384615385 0.8545673076923077 0.019230769230769232 0.04807692307692308
13 0.42427884615384615 0.8653846153846154 0.021634615384615384 0.026442307692307692
13 0.4483173076923077 0.8581730769230769 0.03365384615384615 0.038461538461538464
14 0.5829326923076923 0.8581730769230769 0.026442307692307692 0.04326923076923077
14 0.5625 0.8569711538461539 0.021634615384615384 0.040865384615384616
22 0.7692307692307693 0.8641826923076923 0.026442307692307692 0.0889423076923077
22 0.796875 0.8641826923076923 0.026442307692307692 0.0889423076923077