0 0.0733173076923077 0.18269230769230768 0.06490384615384616 0.07692307692307693
0 0.125 0.16947115384615385 0.04326923076923077 0.10576923076923077
11 0.2860576923076923 0.17908653846153846 0.036057692307692304 0.11298076923076923
11 0.32211538461538464 0.17908653846153846 0.036057692307692304 0.11298076923076923
15 0.4831730769230769 0.17067307692307693 0.03365384615384615 0.11298076923076923
15 0.5144230769230769 0.17067307692307693 0.03365384615384615 0.11298076923076923
16 0.6730769230769231 0.18269230769230768 0.03365384615384615 0.11298076923076923
16 0.7043269230769231 0.1814903846153846 0.03365384615384615 0.11298076923076923
17 0.8786057692307693 0.1875 0.03125 0.09134615384615384
17 0.9098557692307693 0.1875 0.03125 0.09134615384615384
18 0.06610576923076923 0.43509615384615385 0.036057692307692304 0.09615384615384616
18 0.0985576923076923 0.4362980769230769 0.036057692307692304 0.09615384615384616
19 0.20673076923076922 0.4423076923076923 0.03365384615384615 0.09375
19 0.23557692307692307 0.4423076923076923 0.028846153846153848 0.0985576923076923
20 0.3485576923076923 0.4543269230769231 0.026442307692307692 0.07932692307692307
20 0.3713942307692308 0.4543269230769231 0.026442307692307692 0.07932692307692307
21 0.48197115384615385 0.44591346153846156 0.03365384615384615 0.08413461538461539
21 0.5144230769230769 0.44591346153846156 0.03365384615384615 0.08413461538461539
1 0.6298076923076923 0.44471153846153844 0.026442307692307692 0.08173076923076923
1 0.65625 0.44711538461538464 0.026442307692307692 0.08173076923076923
2 0.7632211538461539 0.44711538461538464 0.028846153846153848 0.08173076923076923
2 0.7908653846153846 0.44711538461538464 0.02403846153846154 0.08173076923076923
3 0.9026442307692307 0.44591346153846156 0.028846153846153848 0.07451923076923077
3 0.9290865384615384 0.4483173076923077 0.028846153846153848 0.07451923076923077
4 0.0673076923076923 0.6706730769230769 0.026442307692307692 0.06971153846153846
4 0.09254807692307693 0.6730769230769231 0.028846153846153848 0.06971153846153846
5 0.20793269230769232 0.671875 0.028846153846153848 0.0625
5 0.23557692307692307 0.671875 0.028846153846153848 0.0625
6 0.3485576923076923 0.6670673076923077 0.026442307692307692 0.07211538461538461
6 0.3737980769230769 0.6670673076923077 0.026442307692307692 0.07211538461538461
7 0.6322115384615384 0.6646634615384616 0.02403846153846154 0.0673076923076923
7 0.6586538461538461 0.6646634615384616 0.026442307692307692 0.0625
8 0.7752403846153846 0.6658653846153846 0.026442307692307692 0.06490384615384616
8 0.7992788461538461 0.6646634615384616 0.021634615384615384 0.0625
9 0.9014423076923077 0.6610576923076923 0.028846153846153848 0.06490384615384616
9 0.9302884615384616 0.6610576923076923 0.028846153846153848 0.06490384615384616
10 0.06971153846153846 0.8581730769230769 0.028846153846153848 0.055288461538461536
10 0.0985576923076923 0.859375 0.028846153846153848 0.055288461538461536
12 0.20432692307692307 0.859375 0.026442307692307692 0.04807692307692308
12 0.22956730769230768 0.859375 0.026442307692307692 0.04807692307692308
13 0.41346153846153844 0.8641826923076923 0.026442307692307692 0.06490384615384616
13 0.4423076923076923 0.8653846153846154 0.026442307692307692 0.06490384615384616
14 0.5564903846153846 0.8581730769230769 0.021634615384615384 0.055288461538461536
14 0.5793269230769231 0.8581730769230769 0.021634615384615384 0.055288461538461536
22 0.7920673076923077 0.8629807692307693 0.04326923076923077 0.09375
23 0.9170673076923077 0.8641826923076923 0.03125 0.055288461538461536