0 0.07692307692307693 0.17307692307692307 0.02403846153846154 0.11538461538461539
0 0.10576923076923077 0.17307692307692307 0.026442307692307692 0.11778846153846154
11 0.2848557692307692 0.1814903846153846 0.026442307692307692 0.125
11 0.31971153846153844 0.18509615384615385 0.026442307692307692 0.11298076923076923
15 0.48677884615384615 0.18629807692307693 0.02403846153846154 0.11057692307692307
15 0.5180288461538461 0.18269230769230768 0.019230769230769232 0.10576923076923077
16 0.6802884615384616 0.19591346153846154 0.021634615384615384 0.09134615384615384
16 0.7091346153846154 0.20192307692307693 0.021634615384615384 0.09134615384615384
17 0.859375 0.203125 0.021634615384615384 0.08413461538461539
17 0.8942307692307693 0.203125 0.026442307692307692 0.08413461538461539
18 0.052884615384615384 0.4483173076923077 0.040865384615384616 0.08413461538461539
18 0.08774038461538461 0.44350961538461536 0.036057692307692304 0.09375
19 0.19831730769230768 0.4423076923076923 0.021634615384615384 0.07932692307692307
19 0.22956730769230768 0.4411057692307692 0.026442307692307692 0.07451923076923077
20 0.34615384615384615 0.44350961538461536 0.021634615384615384 0.07451923076923077
20 0.36899038461538464 0.44471153846153844 0.021634615384615384 0.07451923076923077
21 0.4807692307692308 0.44711538461538464 0.021634615384615384 0.07932692307692307
21 0.5096153846153846 0.4423076923076923 0.026442307692307692 0.08653846153846154
1 0.6237980769230769 0.4423076923076923 0.03125 0.06971153846153846
1 0.6586538461538461 0.44350961538461536 0.026442307692307692 0.07211538461538461
2 0.7740384615384616 0.4362980769230769 0.021634615384615384 0.07932692307692307
2 0.7992788461538461 0.4387019230769231 0.021634615384615384 0.06971153846153846
3 0.9038461538461539 0.44711538461538464 0.016826923076923076 0.07211538461538461
3 0.9326923076923077 0.44711538461538464 0.016826923076923076 0.07211538461538461
4 0.06370192307692307 0.6670673076923077 0.02403846153846154 0.06009615384615385
4 0.09014423076923077 0.6706730769230769 0.021634615384615384 0.0625
5 0.20432692307692307 0.6670673076923077 0.021634615384615384 0.057692307692307696
5 0.2247596153846154 0.6610576923076923 0.021634615384615384 0.06009615384615385
6 0.3389423076923077 0.6670673076923077 0.02403846153846154 0.0673076923076923
6 0.3713942307692308 0.6694711538461539 0.019230769230769232 0.07451923076923077
7 0.6189903846153846 0.6670673076923077 0.021634615384615384 0.06009615384615385
7 0.6466346153846154 0.6670673076923077 0.021634615384615384 0.055288461538461536
8 0.7560096153846154 0.6610576923076923 0.019230769230769232 0.04326923076923077
8 0.7860576923076923 0.6658653846153846 0.02403846153846154 0.05048076923076923
9 0.90625 0.6646634615384616 0.021634615384615384 0.052884615384615384
9 0.9375 0.6610576923076923 0.021634615384615384 0.04567307692307692
10 0.06490384615384616 0.8545673076923077 0.016826923076923076 0.04326923076923077
10 0.09134615384615384 0.8581730769230769 0.019230769230769232 0.04326923076923077
12 0.21153846153846154 0.8605769230769231 0.021634615384615384 0.04807692307692308
12 0.23918269230769232 0.8641826923076923 0.021634615384615384 0.040865384615384616
13 0.40384615384615385 0.8641826923076923 0.016826923076923076 0.038461538461538464
13 0.43990384615384615 0.8605769230769231 0.019230769230769232 0.03365384615384615
14 0.5516826923076923 0.8581730769230769 0.021634615384615384 0.04567307692307692
14 0.5889423076923077 0.8617788461538461 0.021634615384615384 0.04807692307692308
22 0.7644230769230769 0.8485576923076923 0.02403846153846154 0.08653846153846154
22 0.7944711538461539 0.8509615384615384 0.021634615384615384 0.08173076923076923