0 0.11057692307692307 0.17067307692307693 0.026442307692307692 0.14903846153846154
0 0.14182692307692307 0.17548076923076922 0.021634615384615384 0.14423076923076922
11 0.3076923076923077 0.1778846153846154 0.026442307692307692 0.14182692307692307
11 0.33653846153846156 0.18509615384615385 0.019230769230769232 0.13701923076923078
15 0.46634615384615385 0.17548076923076922 0.021634615384615384 0.12259615384615384
15 0.49399038461538464 0.17548076923076922 0.021634615384615384 0.10817307692307693
16 0.6911057692307693 0.19951923076923078 0.02403846153846154 0.10096153846153846
16 0.7223557692307693 0.19230769230769232 0.021634615384615384 0.10576923076923077
17 0.8774038461538461 0.203125 0.03125 0.10576923076923077
17 0.9050480769230769 0.20432692307692307 0.028846153846153848 0.11057692307692307
18 0.057692307692307696 0.4579326923076923 0.026442307692307692 0.10096153846153846
18 0.0889423076923077 0.4699519230769231 0.03125 0.0889423076923077
19 0.19471153846153846 0.45072115384615385 0.021634615384615384 0.10336538461538461
19 0.21995192307692307 0.453125 0.02403846153846154 0.09375
20 0.34975961538461536 0.45072115384615385 0.03365384615384615 0.07211538461538461
20 0.3798076923076923 0.44350961538461536 0.021634615384615384 0.08653846153846154
21 0.49399038461538464 0.4375 0.019230769230769232 0.07932692307692307
21 0.5168269230769231 0.43990384615384615 0.02403846153846154 0.07451923076923077
1 0.6237980769230769 0.4362980769230769 0.021634615384615384 0.07451923076923077
1 0.6514423076923077 0.4423076923076923 0.021634615384615384 0.07692307692307693
2 0.7536057692307693 0.4495192307692308 0.019230769230769232 0.07692307692307693
2 0.7740384615384616 0.4543269230769231 0.019230769230769232 0.08653846153846154
3 0.9122596153846154 0.4495192307692308 0.021634615384615384 0.07932692307692307
3 0.9399038461538461 0.45552884615384615 0.021634615384615384 0.08173076923076923
4 0.06009615384615385 0.6694711538461539 0.021634615384615384 0.07211538461538461
4 0.08413461538461539 0.6706730769230769 0.021634615384615384 0.0673076923076923
5 0.19471153846153846 0.6670673076923077 0.021634615384615384 0.07211538461538461
5 0.21995192307692307 0.6658653846153846 0.019230769230769232 0.0625
6 0.3581730769230769 0.6694711538461539 0.019230769230769232 0.0625
6 0.3798076923076923 0.6670673076923077 0.02403846153846154 0.0625
7 0.6334134615384616 0.6574519230769231 0.016826923076923076 0.04567307692307692
7 0.6574519230769231 0.6622596153846154 0.026442307692307692 0.055288461538461536
8 0.7800480769230769 0.65625 0.021634615384615384 0.04807692307692308
8 0.7992788461538461 0.6610576923076923 0.021634615384615384 0.06009615384615385
9 0.9122596153846154 0.6670673076923077 0.019230769230769232 0.052884615384615384
9 0.9387019230769231 0.6646634615384616 0.019230769230769232 0.06009615384615385
10 0.057692307692307696 0.8569711538461539 0.016826923076923076 0.04326923076923077
10 0.07451923076923077 0.8557692307692307 0.019230769230769232 0.038461538461538464
12 0.19831730769230768 0.8581730769230769 0.016826923076923076 0.04326923076923077
12 0.21754807692307693 0.8569711538461539 0.016826923076923076 0.04807692307692308
13 0.4050480769230769 0.8581730769230769 0.019230769230769232 0.036057692307692304
13 0.42427884615384615 0.8581730769230769 0.016826923076923076 0.038461538461538464
14 0.5625 0.8545673076923077 0.021634615384615384 0.036057692307692304
14 0.5877403846153846 0.8581730769230769 0.016826923076923076 0.038461538461538464
22 0.7740384615384616 0.8737980769230769 0.021634615384615384 0.09375
22 0.7992788461538461 0.875 0.021634615384615384 0.09375