0 0.08173076923076923 0.171875 0.04326923076923077 0.19471153846153846
0 0.11538461538461539 0.1778846153846154 0.03365384615384615 0.18990384615384615
11 0.2956730769230769 0.18629807692307693 0.03365384615384615 0.1778846153846154
11 0.33052884615384615 0.19110576923076922 0.026442307692307692 0.18028846153846154
15 0.4735576923076923 0.17668269230769232 0.038461538461538464 0.14903846153846154
15 0.515625 0.18028846153846154 0.028846153846153848 0.15625
16 0.6790865384615384 0.203125 0.021634615384615384 0.13942307692307693
16 0.7127403846153846 0.20432692307692307 0.026442307692307692 0.13701923076923078
17 0.8677884615384616 0.20552884615384615 0.03125 0.1346153846153846
17 0.9194711538461539 0.1875 0.05048076923076923 0.10096153846153846
18 0.06129807692307692 0.4423076923076923 0.028846153846153848 0.12740384615384615
18 0.09735576923076923 0.4483173076923077 0.040865384615384616 0.11538461538461539
19 0.2127403846153846 0.4519230769230769 0.028846153846153848 0.12259615384615384
19 0.24639423076923078 0.45552884615384615 0.026442307692307692 0.125
20 0.3485576923076923 0.44711538461538464 0.036057692307692304 0.11057692307692307
20 0.38100961538461536 0.4567307692307692 0.026442307692307692 0.10096153846153846
21 0.4795673076923077 0.43990384615384615 0.038461538461538464 0.10576923076923077
21 0.5120192307692307 0.4387019230769231 0.028846153846153848 0.10576923076923077
1 0.6274038461538461 0.44591346153846156 0.026442307692307692 0.10576923076923077
1 0.6586538461538461 0.45072115384615385 0.026442307692307692 0.10576923076923077
2 0.7512019230769231 0.4495192307692308 0.03125 0.09375
2 0.7944711538461539 0.4483173076923077 0.03125 0.09134615384615384
3 0.9038461538461539 0.4543269230769231 0.028846153846153848 0.10336538461538461
3 0.9399038461538461 0.45913461538461536 0.026442307692307692 0.0985576923076923
4 0.06009615384615385 0.6826923076923077 0.036057692307692304 0.09134615384615384
4 0.09495192307692307 0.6826923076923077 0.03125 0.0889423076923077
5 0.20673076923076922 0.6766826923076923 0.026442307692307692 0.08413461538461539
5 0.23076923076923078 0.671875 0.028846153846153848 0.08413461538461539
6 0.3389423076923077 0.6778846153846154 0.026442307692307692 0.07932692307692307
6 0.36899038461538464 0.6754807692307693 0.02403846153846154 0.08413461538461539
7 0.6237980769230769 0.6658653846153846 0.019230769230769232 0.07451923076923077
7 0.6526442307692307 0.6622596153846154 0.026442307692307692 0.0673076923076923
8 0.7536057692307693 0.6634615384615384 0.021634615384615384 0.0625
8 0.7848557692307693 0.6646634615384616 0.021634615384615384 0.0673076923076923
9 0.9002403846153846 0.6778846153846154 0.021634615384615384 0.06490384615384616
9 0.9350961538461539 0.6766826923076923 0.021634615384615384 0.06009615384615385
10 0.0733173076923077 0.8545673076923077 0.021634615384615384 0.0625
10 0.1045673076923077 0.8569711538461539 0.021634615384615384 0.055288461538461536
12 0.20192307692307693 0.8581730769230769 0.021634615384615384 0.055288461538461536
12 0.2283653846153846 0.8569711538461539 0.021634615384615384 0.055288461538461536
13 0.41947115384615385 0.8641826923076923 0.016826923076923076 0.04807692307692308
13 0.44711538461538464 0.8641826923076923 0.019230769230769232 0.036057692307692304
14 0.5576923076923077 0.8605769230769231 0.021634615384615384 0.04567307692307692
14 0.5841346153846154 0.8653846153846154 0.02403846153846154 0.055288461538461536
22 0.7608173076923077 0.8701923076923077 0.026442307692307692 0.1201923076923077
22 0.7872596153846154 0.8798076923076923 0.028846153846153848 0.13701923076923078