0 0.07211538461538461 0.18509615384615385 0.04567307692307692 0.17548076923076922
0 0.12379807692307693 0.14423076923076922 0.06490384615384616 0.11298076923076923
11 0.2764423076923077 0.18990384615384615 0.026442307692307692 0.18028846153846154
11 0.3088942307692308 0.18870192307692307 0.026442307692307692 0.18028846153846154
15 0.4807692307692308 0.17668269230769232 0.04807692307692308 0.10096153846153846
15 0.5096153846153846 0.18269230769230768 0.02403846153846154 0.12980769230769232
16 0.6802884615384616 0.19230769230769232 0.026442307692307692 0.125
16 0.7067307692307693 0.19230769230769232 0.026442307692307692 0.125
17 0.8786057692307693 0.19230769230769232 0.026442307692307692 0.12259615384615384
17 0.9026442307692307 0.19230769230769232 0.026442307692307692 0.12259615384615384
18 0.07692307692307693 0.44350961538461536 0.02403846153846154 0.125
18 0.09735576923076923 0.4423076923076923 0.02403846153846154 0.12740384615384615
19 0.19471153846153846 0.44711538461538464 0.021634615384615384 0.11057692307692307
19 0.21394230769230768 0.44471153846153844 0.019230769230769232 0.11057692307692307
20 0.3545673076923077 0.45072115384615385 0.02403846153846154 0.11057692307692307
20 0.3786057692307692 0.4519230769230769 0.02403846153846154 0.10817307692307693
21 0.4879807692307692 0.4483173076923077 0.021634615384615384 0.09375
21 0.5108173076923077 0.4483173076923077 0.021634615384615384 0.09375
1 0.6346153846153846 0.45072115384615385 0.021634615384615384 0.09375
1 0.6574519230769231 0.45072115384615385 0.021634615384615384 0.09375
2 0.7680288461538461 0.44711538461538464 0.028846153846153848 0.08173076923076923
2 0.7932692307692307 0.44711538461538464 0.028846153846153848 0.08173076923076923
3 0.9074519230769231 0.4519230769230769 0.021634615384615384 0.10096153846153846
3 0.9387019230769231 0.4519230769230769 0.028846153846153848 0.10096153846153846
4 0.07451923076923077 0.6766826923076923 0.028846153846153848 0.08653846153846154
4 0.10216346153846154 0.6766826923076923 0.028846153846153848 0.08653846153846154
5 0.19831730769230768 0.671875 0.026442307692307692 0.07451923076923077
5 0.22115384615384615 0.671875 0.026442307692307692 0.07451923076923077
6 0.34615384615384615 0.6790865384615384 0.028846153846153848 0.07451923076923077
6 0.37259615384615385 0.6802884615384616 0.028846153846153848 0.07451923076923077
7 0.6225961538461539 0.6610576923076923 0.028846153846153848 0.07211538461538461
7 0.6478365384615384 0.6610576923076923 0.028846153846153848 0.07211538461538461
8 0.7668269230769231 0.6586538461538461 0.021634615384615384 0.07211538461538461
8 0.7872596153846154 0.6586538461538461 0.021634615384615384 0.07211538461538461
9 0.9158653846153846 0.6706730769230769 0.02403846153846154 0.07451923076923077
9 0.9387019230769231 0.6706730769230769 0.02403846153846154 0.07451923076923077
10 0.07692307692307693 0.8545673076923077 0.021634615384615384 0.0625
10 0.0985576923076923 0.8545673076923077 0.019230769230769232 0.0673076923076923
12 0.20793269230769232 0.8581730769230769 0.019230769230769232 0.06009615384615385
12 0.2283653846153846 0.859375 0.019230769230769232 0.06009615384615385
13 0.4170673076923077 0.8605769230769231 0.019230769230769232 0.06009615384615385
13 0.4423076923076923 0.8605769230769231 0.019230769230769232 0.06009615384615385
14 0.5540865384615384 0.8641826923076923 0.026442307692307692 0.06490384615384616
14 0.5817307692307693 0.8653846153846154 0.026442307692307692 0.06490384615384616
22 0.7620192307692307 0.8737980769230769 0.03125 0.11298076923076923
22 0.7896634615384616 0.8725961538461539 0.03125 0.11298076923076923