0 0.09254807692307693 0.18269230769230768 0.026442307692307692 0.125
0 0.11899038461538461 0.1814903846153846 0.026442307692307692 0.125
11 0.2920673076923077 0.18028846153846154 0.021634615384615384 0.11298076923076923
11 0.3173076923076923 0.18028846153846154 0.021634615384615384 0.11298076923076923
15 0.5144230769230769 0.1778846153846154 0.016826923076923076 0.0985576923076923
15 0.4879807692307692 0.17307692307692307 0.016826923076923076 0.0985576923076923
16 0.6814903846153846 0.18389423076923078 0.019230769230769232 0.09134615384615384
16 0.7091346153846154 0.18629807692307693 0.019230769230769232 0.08413461538461539
17 0.8798076923076923 0.18629807692307693 0.03365384615384615 0.08173076923076923
17 0.9074519230769231 0.18629807692307693 0.021634615384615384 0.08173076923076923
18 0.06370192307692307 0.4411057692307692 0.019230769230769232 0.09375
18 0.0889423076923077 0.44591346153846156 0.019230769230769232 0.08653846153846154
19 0.2091346153846154 0.4411057692307692 0.016826923076923076 0.07451923076923077
19 0.23076923076923078 0.4423076923076923 0.016826923076923076 0.08173076923076923
20 0.34975961538461536 0.4387019230769231 0.019230769230769232 0.06490384615384616
20 0.375 0.4387019230769231 0.019230769230769232 0.06490384615384616
21 0.49158653846153844 0.4411057692307692 0.016826923076923076 0.06971153846153846
21 0.5132211538461539 0.4423076923076923 0.016826923076923076 0.06971153846153846
1 0.6310096153846154 0.4387019230769231 0.016826923076923076 0.07692307692307693
1 0.6538461538461539 0.44471153846153844 0.021634615384615384 0.0625
2 0.7740384615384616 0.4423076923076923 0.019230769230769232 0.07451923076923077
2 0.7980769230769231 0.4423076923076923 0.019230769230769232 0.07451923076923077
3 0.9134615384615384 0.45072115384615385 0.016826923076923076 0.0673076923076923
3 0.9399038461538461 0.44711538461538464 0.021634615384615384 0.0625
4 0.06610576923076923 0.6694711538461539 0.016826923076923076 0.057692307692307696
4 0.09134615384615384 0.6694711538461539 0.016826923076923076 0.057692307692307696
5 0.20552884615384615 0.6706730769230769 0.019230769230769232 0.06971153846153846
5 0.23197115384615385 0.6730769230769231 0.019230769230769232 0.06971153846153846
6 0.3485576923076923 0.6754807692307693 0.021634615384615384 0.055288461538461536
6 0.37259615384615385 0.671875 0.021634615384615384 0.055288461538461536
7 0.6262019230769231 0.6610576923076923 0.02403846153846154 0.04326923076923077
7 0.6502403846153846 0.6622596153846154 0.02403846153846154 0.04326923076923077
8 0.7692307692307693 0.6610576923076923 0.021634615384615384 0.052884615384615384
8 0.7884615384615384 0.6598557692307693 0.019230769230769232 0.04807692307692308
9 0.90625 0.6586538461538461 0.021634615384615384 0.04807692307692308
9 0.9350961538461539 0.6574519230769231 0.021634615384615384 0.04807692307692308
10 0.0673076923076923 0.8641826923076923 0.016826923076923076 0.05048076923076923
10 0.0889423076923077 0.859375 0.019230769230769232 0.04326923076923077
12 0.2091346153846154 0.8581730769230769 0.016826923076923076 0.04326923076923077
12 0.22956730769230768 0.8605769230769231 0.016826923076923076 0.04326923076923077
13 0.41947115384615385 0.8629807692307693 0.019230769230769232 0.03125
13 0.43990384615384615 0.8665865384615384 0.019230769230769232 0.03125
14 0.5637019230769231 0.8701923076923077 0.014423076923076924 0.04326923076923077
14 0.5817307692307693 0.8677884615384616 0.014423076923076924 0.04326923076923077
22 0.7716346153846154 0.8617788461538461 0.036057692307692304 0.07451923076923077
23 0.9194711538461539 0.8677884615384616 0.02403846153846154 0.04326923076923077