0 0.07932692307692307 0.17548076923076922 0.03125 0.15625
0 0.109375 0.17668269230769232 0.03125 0.15625
11 0.2800480769230769 0.17307692307692307 0.04807692307692308 0.13221153846153846
11 0.32572115384615385 0.17908653846153846 0.04807692307692308 0.13221153846153846
15 0.5132211538461539 0.17908653846153846 0.04326923076923077 0.13221153846153846
15 0.47596153846153844 0.18269230769230768 0.026442307692307692 0.13221153846153846
16 0.6850961538461539 0.20793269230769232 0.036057692307692304 0.1201923076923077
16 0.7199519230769231 0.21153846153846154 0.03365384615384615 0.1201923076923077
17 0.8786057692307693 0.20793269230769232 0.028846153846153848 0.10576923076923077
17 0.9074519230769231 0.20552884615384615 0.028846153846153848 0.10576923076923077
18 0.06610576923076923 0.44711538461538464 0.028846153846153848 0.11057692307692307
18 0.09615384615384616 0.44350961538461536 0.028846153846153848 0.11057692307692307
19 0.20793269230769232 0.44711538461538464 0.036057692307692304 0.11057692307692307
19 0.24519230769230768 0.44471153846153844 0.036057692307692304 0.11057692307692307
20 0.3389423076923077 0.4326923076923077 0.038461538461538464 0.09615384615384616
20 0.375 0.43149038461538464 0.038461538461538464 0.09375
21 0.4891826923076923 0.4230769230769231 0.028846153846153848 0.09375
21 0.5204326923076923 0.4230769230769231 0.028846153846153848 0.09375
1 0.6213942307692307 0.44471153846153844 0.03365384615384615 0.08173076923076923
1 0.6538461538461539 0.44711538461538464 0.03365384615384615 0.08173076923076923
2 0.7596153846153846 0.44471153846153844 0.026442307692307692 0.0889423076923077
2 0.7872596153846154 0.44711538461538464 0.026442307692307692 0.0889423076923077
3 0.9014423076923077 0.44711538461538464 0.03125 0.0985576923076923
3 0.9326923076923077 0.44711538461538464 0.03125 0.0985576923076923
4 0.09014423076923077 0.6598557692307693 0.03125 0.08413461538461539
4 0.057692307692307696 0.6586538461538461 0.028846153846153848 0.07932692307692307
5 0.19831730769230768 0.6670673076923077 0.03365384615384615 0.08653846153846154
5 0.23076923076923078 0.6646634615384616 0.03365384615384615 0.08653846153846154
6 0.33533653846153844 0.6598557692307693 0.038461538461538464 0.07692307692307693
6 0.3713942307692308 0.6598557692307693 0.038461538461538464 0.07692307692307693
7 0.6274038461538461 0.6634615384615384 0.03125 0.07932692307692307
7 0.6586538461538461 0.6634615384615384 0.03125 0.07932692307692307
8 0.7704326923076923 0.6658653846153846 0.03125 0.0673076923076923
8 0.7992788461538461 0.6634615384615384 0.03125 0.0673076923076923
9 0.9050480769230769 0.6634615384615384 0.02403846153846154 0.0673076923076923
9 0.9278846153846154 0.6670673076923077 0.02403846153846154 0.0673076923076923
10 0.0733173076923077 0.8581730769230769 0.03125 0.06009615384615385
10 0.10096153846153846 0.8557692307692307 0.03125 0.06009615384615385
12 0.21153846153846154 0.8581730769230769 0.028846153846153848 0.06009615384615385
12 0.23918269230769232 0.8569711538461539 0.028846153846153848 0.0625
13 0.41586538461538464 0.8677884615384616 0.03365384615384615 0.04326923076923077
13 0.4495192307692308 0.8653846153846154 0.03365384615384615 0.04326923076923077
14 0.5528846153846154 0.8677884615384616 0.028846153846153848 0.057692307692307696
14 0.5805288461538461 0.8653846153846154 0.028846153846153848 0.057692307692307696
22 0.7536057692307693 0.8641826923076923 0.03125 0.10576923076923077
22 0.7908653846153846 0.8641826923076923 0.04326923076923077 0.10576923076923077