0 0.09254807692307693 0.17307692307692307 0.028846153846153848 0.12740384615384615
0 0.11899038461538461 0.1778846153846154 0.026442307692307692 0.12980769230769232
11 0.2800480769230769 0.19230769230769232 0.057692307692307696 0.09375
11 0.3137019230769231 0.18629807692307693 0.04326923076923077 0.11057692307692307
15 0.4735576923076923 0.17307692307692307 0.026442307692307692 0.11057692307692307
15 0.5096153846153846 0.17067307692307693 0.021634615384615384 0.10576923076923077
16 0.6682692307692307 0.18509615384615385 0.026442307692307692 0.0889423076923077
16 0.7067307692307693 0.18269230769230768 0.026442307692307692 0.0985576923076923
17 0.8701923076923077 0.18990384615384615 0.026442307692307692 0.0985576923076923
17 0.9014423076923077 0.18870192307692307 0.02403846153846154 0.0985576923076923
18 0.06370192307692307 0.4375 0.016826923076923076 0.09375
18 0.09134615384615384 0.4387019230769231 0.021634615384615384 0.09375
19 0.203125 0.4411057692307692 0.02403846153846154 0.08653846153846154
19 0.23076923076923078 0.4387019230769231 0.026442307692307692 0.08653846153846154
20 0.35096153846153844 0.44350961538461536 0.021634615384615384 0.08173076923076923
20 0.375 0.44471153846153844 0.02403846153846154 0.08413461538461539
21 0.47836538461538464 0.4483173076923077 0.028846153846153848 0.0673076923076923
21 0.5096153846153846 0.44591346153846156 0.03125 0.07451923076923077
1 0.6189903846153846 0.4423076923076923 0.021634615384615384 0.07932692307692307
1 0.6466346153846154 0.4423076923076923 0.02403846153846154 0.07692307692307693
2 0.765625 0.4387019230769231 0.02403846153846154 0.07692307692307693
2 0.7884615384615384 0.4411057692307692 0.021634615384615384 0.07932692307692307
3 0.90625 0.44591346153846156 0.021634615384615384 0.06971153846153846
3 0.9290865384615384 0.44711538461538464 0.021634615384615384 0.07211538461538461
4 0.06850961538461539 0.6754807692307693 0.019230769230769232 0.055288461538461536
4 0.09014423076923077 0.6730769230769231 0.026442307692307692 0.06490384615384616
5 0.20432692307692307 0.6634615384615384 0.02403846153846154 0.0625
5 0.234375 0.6730769230769231 0.03125 0.05048076923076923
6 0.3449519230769231 0.6646634615384616 0.021634615384615384 0.0673076923076923
6 0.36899038461538464 0.6634615384615384 0.02403846153846154 0.0625
7 0.6237980769230769 0.6682692307692307 0.02403846153846154 0.055288461538461536
7 0.6454326923076923 0.6646634615384616 0.021634615384615384 0.052884615384615384
8 0.7608173076923077 0.6670673076923077 0.021634615384615384 0.04807692307692308
8 0.7872596153846154 0.6610576923076923 0.021634615384615384 0.05048076923076923
9 0.9050480769230769 0.6610576923076923 0.019230769230769232 0.04807692307692308
9 0.9266826923076923 0.6634615384615384 0.021634615384615384 0.04807692307692308
10 0.056490384615384616 0.8581730769230769 0.014423076923076924 0.04567307692307692
10 0.07932692307692307 0.8557692307692307 0.016826923076923076 0.04567307692307692
12 0.20552884615384615 0.8581730769230769 0.019230769230769232 0.04567307692307692
12 0.23076923076923078 0.8521634615384616 0.019230769230769232 0.038461538461538464
13 0.41225961538461536 0.8629807692307693 0.016826923076923076 0.038461538461538464
13 0.4326923076923077 0.8617788461538461 0.016826923076923076 0.040865384615384616
14 0.5492788461538461 0.8617788461538461 0.019230769230769232 0.036057692307692304
14 0.5757211538461539 0.859375 0.021634615384615384 0.04326923076923077
22 0.7644230769230769 0.8701923076923077 0.021634615384615384 0.07932692307692307
22 0.7980769230769231 0.8677884615384616 0.026442307692307692 0.09375