0 0.08052884615384616 0.20432692307692307 0.055288461538461536 0.0985576923076923
0 0.13221153846153846 0.17668269230769232 0.04807692307692308 0.15625
11 0.2956730769230769 0.18269230769230768 0.03365384615384615 0.14423076923076922
11 0.3293269230769231 0.18509615384615385 0.03365384615384615 0.14423076923076922
15 0.4951923076923077 0.18028846153846154 0.021634615384615384 0.125
15 0.5180288461538461 0.1814903846153846 0.021634615384615384 0.125
16 0.6911057692307693 0.19591346153846154 0.028846153846153848 0.11538461538461539
16 0.7163461538461539 0.19591346153846154 0.028846153846153848 0.11538461538461539
17 0.8798076923076923 0.19591346153846154 0.036057692307692304 0.11538461538461539
17 0.9158653846153846 0.19591346153846154 0.036057692307692304 0.11538461538461539
18 0.07091346153846154 0.44350961538461536 0.028846153846153848 0.11778846153846154
18 0.0985576923076923 0.44471153846153844 0.026442307692307692 0.11778846153846154
19 0.2127403846153846 0.44471153846153844 0.028846153846153848 0.10096153846153846
19 0.24158653846153846 0.4423076923076923 0.028846153846153848 0.10096153846153846
20 0.34615384615384615 0.4519230769230769 0.04567307692307692 0.06009615384615385
20 0.38221153846153844 0.4362980769230769 0.03125 0.09375
21 0.49399038461538464 0.44471153846153844 0.026442307692307692 0.09134615384615384
21 0.5204326923076923 0.44350961538461536 0.026442307692307692 0.09375
1 0.6310096153846154 0.4423076923076923 0.03125 0.07932692307692307
1 0.6586538461538461 0.4423076923076923 0.03125 0.07932692307692307
2 0.7716346153846154 0.44471153846153844 0.026442307692307692 0.08413461538461539
2 0.796875 0.44350961538461536 0.026442307692307692 0.08653846153846154
3 0.9122596153846154 0.4519230769230769 0.03125 0.08653846153846154
3 0.9435096153846154 0.4519230769230769 0.03125 0.08653846153846154
4 0.07211538461538461 0.6706730769230769 0.028846153846153848 0.07451923076923077
4 0.10096153846153846 0.6706730769230769 0.028846153846153848 0.07451923076923077
5 0.21153846153846154 0.6706730769230769 0.026442307692307692 0.0673076923076923
5 0.23677884615384615 0.6706730769230769 0.026442307692307692 0.0673076923076923
6 0.3545673076923077 0.6742788461538461 0.021634615384615384 0.0673076923076923
6 0.3786057692307692 0.6742788461538461 0.021634615384615384 0.0673076923076923
7 0.6286057692307693 0.6538461538461539 0.02403846153846154 0.06490384615384616
7 0.6514423076923077 0.6538461538461539 0.02403846153846154 0.06490384615384616
8 0.7752403846153846 0.6646634615384616 0.021634615384615384 0.0625
8 0.7992788461538461 0.6646634615384616 0.021634615384615384 0.0625
9 0.9074519230769231 0.6634615384615384 0.02403846153846154 0.06490384615384616
9 0.9314903846153846 0.6634615384615384 0.02403846153846154 0.06490384615384616
10 0.06850961538461539 0.8605769230769231 0.021634615384615384 0.057692307692307696
10 0.09014423076923077 0.8605769230769231 0.021634615384615384 0.057692307692307696
12 0.20552884615384615 0.8605769230769231 0.028846153846153848 0.05048076923076923
12 0.23317307692307693 0.8617788461538461 0.028846153846153848 0.05048076923076923
13 0.4266826923076923 0.8605769230769231 0.026442307692307692 0.04807692307692308
13 0.4543269230769231 0.8605769230769231 0.026442307692307692 0.04807692307692308
14 0.5637019230769231 0.8641826923076923 0.019230769230769232 0.057692307692307696
14 0.5841346153846154 0.8617788461538461 0.019230769230769232 0.057692307692307696
22 0.7836538461538461 0.8701923076923077 0.03365384615384615 0.0985576923076923
23 0.9266826923076923 0.8665865384615384 0.03365384615384615 0.055288461538461536