0 0.08413461538461539 0.17427884615384615 0.038461538461538464 0.18028846153846154
0 0.12139423076923077 0.17067307692307693 0.038461538461538464 0.18028846153846154
11 0.28846153846153844 0.18990384615384615 0.03365384615384615 0.1875
11 0.3233173076923077 0.18990384615384615 0.03365384615384615 0.1875
15 0.4963942307692308 0.18629807692307693 0.02403846153846154 0.15625
15 0.5252403846153846 0.18629807692307693 0.02403846153846154 0.15625
16 0.6766826923076923 0.19110576923076922 0.028846153846153848 0.13942307692307693
16 0.7079326923076923 0.19110576923076922 0.028846153846153848 0.13942307692307693
17 0.8918269230769231 0.19951923076923078 0.028846153846153848 0.13701923076923078
17 0.9206730769230769 0.19831730769230768 0.028846153846153848 0.1346153846153846
18 0.06490384615384616 0.43028846153846156 0.03125 0.13221153846153846
18 0.10336538461538461 0.43028846153846156 0.04567307692307692 0.13221153846153846
19 0.1971153846153846 0.44711538461538464 0.026442307692307692 0.1201923076923077
19 0.2283653846153846 0.44350961538461536 0.026442307692307692 0.1201923076923077
20 0.35336538461538464 0.44471153846153844 0.026442307692307692 0.13221153846153846
20 0.38221153846153844 0.4483173076923077 0.026442307692307692 0.13221153846153846
21 0.48197115384615385 0.44350961538461536 0.028846153846153848 0.10336538461538461
21 0.5108173076923077 0.4423076923076923 0.028846153846153848 0.10336538461538461
1 0.6262019230769231 0.45552884615384615 0.02403846153846154 0.10096153846153846
1 0.6574519230769231 0.4543269230769231 0.02403846153846154 0.10336538461538461
2 0.7608173076923077 0.45072115384615385 0.03365384615384615 0.11298076923076923
2 0.7932692307692307 0.4483173076923077 0.03365384615384615 0.11298076923076923
3 0.9038461538461539 0.453125 0.026442307692307692 0.10576923076923077
3 0.9314903846153846 0.4519230769230769 0.028846153846153848 0.10336538461538461
4 0.07091346153846154 0.6766826923076923 0.019230769230769232 0.08413461538461539
4 0.09975961538461539 0.6790865384615384 0.019230769230769232 0.08413461538461539
5 0.20192307692307693 0.6778846153846154 0.026442307692307692 0.08653846153846154
5 0.2283653846153846 0.6778846153846154 0.026442307692307692 0.08653846153846154
6 0.3473557692307692 0.6838942307692307 0.028846153846153848 0.10576923076923077
6 0.3762019230769231 0.6838942307692307 0.03125 0.10576923076923077
7 0.6310096153846154 0.6646634615384616 0.026442307692307692 0.07451923076923077
7 0.6550480769230769 0.6670673076923077 0.026442307692307692 0.07451923076923077
8 0.7536057692307693 0.6670673076923077 0.02403846153846154 0.0673076923076923
8 0.78125 0.6658653846153846 0.02403846153846154 0.0673076923076923
9 0.9074519230769231 0.6802884615384616 0.019230769230769232 0.09375
9 0.9278846153846154 0.6766826923076923 0.026442307692307692 0.09615384615384616
10 0.07211538461538461 0.8581730769230769 0.02403846153846154 0.06490384615384616
10 0.09735576923076923 0.8545673076923077 0.026442307692307692 0.06490384615384616
12 0.2091346153846154 0.8605769230769231 0.028846153846153848 0.0673076923076923
12 0.23798076923076922 0.8605769230769231 0.028846153846153848 0.0673076923076923
13 0.41947115384615385 0.8701923076923077 0.03365384615384615 0.07451923076923077
13 0.4495192307692308 0.8701923076923077 0.03365384615384615 0.07451923076923077
14 0.5540865384615384 0.8641826923076923 0.03365384615384615 0.0673076923076923
14 0.5853365384615384 0.8665865384615384 0.03365384615384615 0.0673076923076923
22 0.7608173076923077 0.8641826923076923 0.03365384615384615 0.11538461538461539
22 0.8004807692307693 0.8665865384615384 0.03365384615384615 0.11538461538461539