0 0.1141826923076923 0.19230769230769232 0.021634615384615384 0.15625
0 0.13942307692307693 0.19230769230769232 0.026442307692307692 0.15144230769230768
11 0.30528846153846156 0.17908653846153846 0.02403846153846154 0.13942307692307693
11 0.3329326923076923 0.18870192307692307 0.026442307692307692 0.15144230769230768
15 0.47716346153846156 0.19471153846153846 0.026442307692307692 0.1201923076923077
15 0.5048076923076923 0.19230769230769232 0.026442307692307692 0.125
16 0.6610576923076923 0.18269230769230768 0.026442307692307692 0.11778846153846154
16 0.6838942307692307 0.18629807692307693 0.02403846153846154 0.11778846153846154
17 0.8918269230769231 0.20192307692307693 0.016826923076923076 0.11057692307692307
17 0.9206730769230769 0.19591346153846154 0.021634615384615384 0.10817307692307693
18 0.07091346153846154 0.4543269230769231 0.028846153846153848 0.09615384615384616
18 0.10336538461538461 0.4483173076923077 0.028846153846153848 0.0985576923076923
19 0.19951923076923078 0.4423076923076923 0.019230769230769232 0.09615384615384616
19 0.23076923076923078 0.44471153846153844 0.028846153846153848 0.0985576923076923
20 0.3737980769230769 0.4423076923076923 0.021634615384615384 0.08653846153846154
20 0.3954326923076923 0.44711538461538464 0.021634615384615384 0.09375
21 0.49399038461538464 0.4483173076923077 0.021634615384615384 0.08653846153846154
21 0.5204326923076923 0.4483173076923077 0.021634615384615384 0.08653846153846154
1 0.6153846153846154 0.4411057692307692 0.019230769230769232 0.08653846153846154
1 0.6418269230769231 0.44711538461538464 0.016826923076923076 0.08653846153846154
2 0.7548076923076923 0.4483173076923077 0.028846153846153848 0.07451923076923077
2 0.78125 0.4423076923076923 0.021634615384615384 0.08653846153846154
3 0.8942307692307693 0.4519230769230769 0.021634615384615384 0.07932692307692307
3 0.9170673076923077 0.4519230769230769 0.021634615384615384 0.0889423076923077
4 0.057692307692307696 0.6766826923076923 0.026442307692307692 0.0625
4 0.0829326923076923 0.6778846153846154 0.021634615384615384 0.07451923076923077
5 0.21634615384615385 0.6730769230769231 0.019230769230769232 0.06971153846153846
5 0.24158653846153846 0.6754807692307693 0.016826923076923076 0.06490384615384616
6 0.3389423076923077 0.6730769230769231 0.016826923076923076 0.06971153846153846
6 0.36177884615384615 0.6706730769230769 0.016826923076923076 0.07932692307692307
7 0.6334134615384616 0.671875 0.019230769230769232 0.0625
7 0.6550480769230769 0.6706730769230769 0.019230769230769232 0.055288461538461536
8 0.7512019230769231 0.6634615384615384 0.026442307692307692 0.05048076923076923
8 0.7752403846153846 0.6610576923076923 0.019230769230769232 0.0625
9 0.8930288461538461 0.6694711538461539 0.019230769230769232 0.05048076923076923
9 0.9158653846153846 0.6670673076923077 0.021634615384615384 0.055288461538461536
10 0.057692307692307696 0.8617788461538461 0.016826923076923076 0.040865384615384616
10 0.07932692307692307 0.8605769230769231 0.019230769230769232 0.04326923076923077
12 0.22115384615384615 0.8629807692307693 0.019230769230769232 0.04326923076923077
12 0.24158653846153846 0.8581730769230769 0.016826923076923076 0.04326923076923077
13 0.4074519230769231 0.8557692307692307 0.016826923076923076 0.03125
13 0.42788461538461536 0.8545673076923077 0.021634615384615384 0.038461538461538464
14 0.5721153846153846 0.8581730769230769 0.016826923076923076 0.038461538461538464
14 0.5877403846153846 0.8605769230769231 0.016826923076923076 0.04807692307692308
22 0.7836538461538461 0.8701923076923077 0.026442307692307692 0.09375
23 0.9098557692307693 0.8677884615384616 0.02403846153846154 0.04807692307692308