0 0.09735576923076923 0.17307692307692307 0.03365384615384615 0.1201923076923077
0 0.12980769230769232 0.17548076923076922 0.03125 0.12740384615384615
11 0.28846153846153844 0.18509615384615385 0.03365384615384615 0.11538461538461539
11 0.3233173076923077 0.18870192307692307 0.03365384615384615 0.1201923076923077
15 0.48197115384615385 0.1778846153846154 0.03125 0.10096153846153846
15 0.5168269230769231 0.1814903846153846 0.036057692307692304 0.10096153846153846
16 0.6826923076923077 0.18629807692307693 0.038461538461538464 0.11057692307692307
16 0.7247596153846154 0.18870192307692307 0.03125 0.11298076923076923
17 0.8834134615384616 0.19110576923076922 0.03125 0.08653846153846154
17 0.9158653846153846 0.1935096153846154 0.036057692307692304 0.0889423076923077
18 0.06610576923076923 0.4387019230769231 0.03125 0.08413461538461539
18 0.09615384615384616 0.4423076923076923 0.028846153846153848 0.08653846153846154
19 0.2091346153846154 0.44711538461538464 0.036057692307692304 0.08173076923076923
19 0.24278846153846154 0.44711538461538464 0.03365384615384615 0.0889423076923077
20 0.3485576923076923 0.4423076923076923 0.026442307692307692 0.08413461538461539
20 0.3786057692307692 0.44350961538461536 0.03365384615384615 0.0889423076923077
21 0.4879807692307692 0.43990384615384615 0.03125 0.0889423076923077
21 0.5216346153846154 0.4423076923076923 0.03365384615384615 0.09375
1 0.6274038461538461 0.44350961538461536 0.026442307692307692 0.07451923076923077
1 0.6586538461538461 0.44591346153846156 0.03365384615384615 0.07692307692307693
2 0.7680288461538461 0.4411057692307692 0.036057692307692304 0.07932692307692307
2 0.8040865384615384 0.4423076923076923 0.036057692307692304 0.08653846153846154
3 0.9014423076923077 0.4483173076923077 0.036057692307692304 0.07451923076923077
3 0.9387019230769231 0.4483173076923077 0.03365384615384615 0.07932692307692307
4 0.07091346153846154 0.6754807692307693 0.026442307692307692 0.07932692307692307
4 0.0985576923076923 0.6766826923076923 0.026442307692307692 0.08173076923076923
5 0.20793269230769232 0.6646634615384616 0.028846153846153848 0.0673076923076923
5 0.23918269230769232 0.6670673076923077 0.03125 0.07211538461538461
6 0.34975961538461536 0.6658653846153846 0.028846153846153848 0.07451923076923077
6 0.3786057692307692 0.6646634615384616 0.02403846153846154 0.07692307692307693
7 0.6262019230769231 0.6610576923076923 0.02403846153846154 0.0673076923076923
7 0.6538461538461539 0.6634615384615384 0.03125 0.06971153846153846
8 0.7680288461538461 0.6634615384615384 0.03365384615384615 0.0625
8 0.796875 0.6646634615384616 0.02403846153846154 0.0673076923076923
9 0.9038461538461539 0.6610576923076923 0.036057692307692304 0.06009615384615385
9 0.9387019230769231 0.6622596153846154 0.028846153846153848 0.06490384615384616
10 0.07091346153846154 0.8581730769230769 0.026442307692307692 0.04807692307692308
10 0.09615384615384616 0.8581730769230769 0.02403846153846154 0.04807692307692308
12 0.20673076923076922 0.8581730769230769 0.028846153846153848 0.052884615384615384
12 0.23798076923076922 0.8605769230769231 0.028846153846153848 0.055288461538461536
13 0.4182692307692308 0.8617788461538461 0.03365384615384615 0.0625
13 0.4519230769230769 0.8617788461538461 0.028846153846153848 0.0625
14 0.5600961538461539 0.859375 0.026442307692307692 0.055288461538461536
14 0.5889423076923077 0.8605769230769231 0.028846153846153848 0.0625
22 0.7764423076923077 0.8581730769230769 0.038461538461538464 0.09134615384615384
23 0.9206730769230769 0.8689903846153846 0.04326923076923077 0.06490384615384616