0 0.08052884615384616 0.18870192307692307 0.0673076923076923 0.15144230769230768
0 0.1466346153846154 0.18990384615384615 0.0673076923076923 0.15144230769230768
11 0.2848557692307692 0.18870192307692307 0.05048076923076923 0.14903846153846154
11 0.32572115384615385 0.18870192307692307 0.038461538461538464 0.15144230769230768
15 0.46634615384615385 0.19230769230769232 0.06490384615384616 0.0985576923076923
15 0.5120192307692307 0.17307692307692307 0.026442307692307692 0.14182692307692307
16 0.6790865384615384 0.1971153846153846 0.03125 0.1201923076923077
16 0.7163461538461539 0.1935096153846154 0.05048076923076923 0.11778846153846154
17 0.8774038461538461 0.20192307692307693 0.026442307692307692 0.125
17 0.9038461538461539 0.20192307692307693 0.026442307692307692 0.125
18 0.07572115384615384 0.44711538461538464 0.021634615384615384 0.125
18 0.0985576923076923 0.44711538461538464 0.021634615384615384 0.125
19 0.2127403846153846 0.4483173076923077 0.03125 0.10817307692307693
19 0.2439903846153846 0.4483173076923077 0.03125 0.10817307692307693
20 0.35336538461538464 0.4519230769230769 0.02403846153846154 0.10336538461538461
20 0.3762019230769231 0.4543269230769231 0.02403846153846154 0.10336538461538461
21 0.49278846153846156 0.44471153846153844 0.021634615384615384 0.09134615384615384
21 0.5144230769230769 0.44471153846153844 0.021634615384615384 0.09134615384615384
1 0.625 0.4495192307692308 0.026442307692307692 0.11538461538461539
1 0.6538461538461539 0.4483173076923077 0.026442307692307692 0.11538461538461539
2 0.7680288461538461 0.44471153846153844 0.019230769230769232 0.0985576923076923
2 0.7944711538461539 0.44471153846153844 0.03125 0.0985576923076923
3 0.9050480769230769 0.4543269230769231 0.026442307692307692 0.09375
3 0.9302884615384616 0.453125 0.026442307692307692 0.09375
4 0.07211538461538461 0.6790865384615384 0.02403846153846154 0.07692307692307693
4 0.0985576923076923 0.6802884615384616 0.026442307692307692 0.07692307692307693
5 0.21033653846153846 0.6766826923076923 0.028846153846153848 0.07932692307692307
5 0.23798076923076922 0.6766826923076923 0.028846153846153848 0.07932692307692307
6 0.3545673076923077 0.6742788461538461 0.026442307692307692 0.0889423076923077
6 0.38221153846153844 0.6766826923076923 0.026442307692307692 0.0889423076923077
7 0.6322115384615384 0.6646634615384616 0.026442307692307692 0.08413461538461539
7 0.6586538461538461 0.6634615384615384 0.026442307692307692 0.08413461538461539
8 0.7668269230769231 0.6670673076923077 0.026442307692307692 0.07451923076923077
8 0.7944711538461539 0.6670673076923077 0.026442307692307692 0.07451923076923077
9 0.9122596153846154 0.6694711538461539 0.026442307692307692 0.07932692307692307
9 0.9399038461538461 0.6694711538461539 0.026442307692307692 0.07932692307692307
10 0.07211538461538461 0.8629807692307693 0.021634615384615384 0.06490384615384616
10 0.09254807692307693 0.8605769230769231 0.021634615384615384 0.06490384615384616
12 0.21634615384615385 0.8629807692307693 0.028846153846153848 0.07692307692307693
12 0.2439903846153846 0.8629807692307693 0.028846153846153848 0.07692307692307693
13 0.4182692307692308 0.8677884615384616 0.021634615384615384 0.04567307692307692
13 0.4375 0.8677884615384616 0.021634615384615384 0.04567307692307692
14 0.5637019230769231 0.8689903846153846 0.021634615384615384 0.0625
14 0.5841346153846154 0.8689903846153846 0.021634615384615384 0.0625
22 0.7644230769230769 0.8713942307692307 0.03365384615384615 0.10817307692307693
22 0.7992788461538461 0.8713942307692307 0.03365384615384615 0.10817307692307693