0 0.11658653846153846 0.18870192307692307 0.03125 0.11538461538461539
0 0.1466346153846154 0.17908653846153846 0.03365384615384615 0.13221153846153846
11 0.3112980769230769 0.1778846153846154 0.02403846153846154 0.11778846153846154
11 0.33413461538461536 0.18028846153846154 0.02403846153846154 0.11778846153846154
15 0.4651442307692308 0.1778846153846154 0.021634615384615384 0.0985576923076923
15 0.4879807692307692 0.1778846153846154 0.021634615384615384 0.0985576923076923
16 0.6971153846153846 0.19110576923076922 0.026442307692307692 0.09134615384615384
16 0.7283653846153846 0.1875 0.026442307692307692 0.09134615384615384
17 0.8569711538461539 0.18629807692307693 0.02403846153846154 0.0889423076923077
17 0.8798076923076923 0.18509615384615385 0.02403846153846154 0.0889423076923077
18 0.07451923076923077 0.44711538461538464 0.021634615384615384 0.08653846153846154
18 0.09975961538461539 0.4423076923076923 0.021634615384615384 0.08653846153846154
19 0.2403846153846154 0.43509615384615385 0.026442307692307692 0.07451923076923077
19 0.21394230769230768 0.4362980769230769 0.026442307692307692 0.07451923076923077
20 0.35216346153846156 0.4483173076923077 0.028846153846153848 0.06971153846153846
20 0.3798076923076923 0.44471153846153844 0.028846153846153848 0.06971153846153846
21 0.47475961538461536 0.4423076923076923 0.021634615384615384 0.0673076923076923
21 0.49759615384615385 0.43990384615384615 0.021634615384615384 0.0673076923076923
1 0.6189903846153846 0.44471153846153844 0.026442307692307692 0.0673076923076923
1 0.640625 0.4411057692307692 0.026442307692307692 0.0673076923076923
2 0.7548076923076923 0.44591346153846156 0.021634615384615384 0.0673076923076923
2 0.7800480769230769 0.44471153846153844 0.021634615384615384 0.0673076923076923
3 0.8882211538461539 0.44350961538461536 0.026442307692307692 0.0673076923076923
3 0.9134615384615384 0.4423076923076923 0.026442307692307692 0.0673076923076923
4 0.07692307692307693 0.6754807692307693 0.021634615384615384 0.052884615384615384
4 0.10096153846153846 0.6754807692307693 0.021634615384615384 0.052884615384615384
5 0.19230769230769232 0.6730769230769231 0.02403846153846154 0.05048076923076923
5 0.21394230769230768 0.6706730769230769 0.02403846153846154 0.05048076923076923
6 0.33653846153846156 0.6706730769230769 0.019230769230769232 0.055288461538461536
6 0.3581730769230769 0.6706730769230769 0.019230769230769232 0.055288461538461536
7 0.6141826923076923 0.6658653846153846 0.019230769230769232 0.04807692307692308
7 0.6346153846153846 0.6622596153846154 0.019230769230769232 0.04807692307692308
8 0.7752403846153846 0.6694711538461539 0.016826923076923076 0.04326923076923077
8 0.8004807692307693 0.6646634615384616 0.019230769230769232 0.04807692307692308
9 0.9098557692307693 0.6658653846153846 0.019230769230769232 0.04807692307692308
9 0.9350961538461539 0.6622596153846154 0.019230769230769232 0.04807692307692308
10 0.07932692307692307 0.8533653846153846 0.019230769230769232 0.04326923076923077
10 0.09975961538461539 0.8569711538461539 0.016826923076923076 0.04326923076923077
12 0.19591346153846154 0.8569711538461539 0.021634615384615384 0.040865384615384616
12 0.21995192307692307 0.8581730769230769 0.019230769230769232 0.036057692307692304
13 0.40384615384615385 0.8569711538461539 0.016826923076923076 0.03125
13 0.42908653846153844 0.8545673076923077 0.021634615384615384 0.03125
14 0.5444711538461539 0.8617788461538461 0.021634615384615384 0.036057692307692304
14 0.5649038461538461 0.8641826923076923 0.016826923076923076 0.036057692307692304
22 0.7764423076923077 0.8677884615384616 0.021634615384615384 0.07211538461538461
23 0.9206730769230769 0.8725961538461539 0.021634615384615384 0.05048076923076923