0 0.08173076923076923 0.19831730769230768 0.07932692307692307 0.11057692307692307
0 0.14543269230769232 0.18028846153846154 0.06971153846153846 0.15384615384615385
11 0.29086538461538464 0.19230769230769232 0.04326923076923077 0.15625
11 0.3293269230769231 0.17908653846153846 0.03125 0.19230769230769232
15 0.4987980769230769 0.17307692307692307 0.03125 0.16105769230769232
15 0.5324519230769231 0.17427884615384615 0.038461538461538464 0.14423076923076922
16 0.6959134615384616 0.19591346153846154 0.03365384615384615 0.125
16 0.7295673076923077 0.19471153846153846 0.028846153846153848 0.14903846153846154
17 0.8894230769230769 0.1971153846153846 0.028846153846153848 0.13701923076923078
17 0.9242788461538461 0.18990384615384615 0.03125 0.17548076923076922
18 0.056490384615384616 0.44471153846153844 0.03365384615384615 0.11778846153846154
18 0.09735576923076923 0.43990384615384615 0.038461538461538464 0.12980769230769232
19 0.19951923076923078 0.4411057692307692 0.03365384615384615 0.11057692307692307
19 0.23798076923076922 0.453125 0.028846153846153848 0.12259615384615384
20 0.3389423076923077 0.4423076923076923 0.026442307692307692 0.10576923076923077
20 0.3737980769230769 0.44591346153846156 0.036057692307692304 0.11057692307692307
21 0.4807692307692308 0.4495192307692308 0.028846153846153848 0.10096153846153846
21 0.5168269230769231 0.4483173076923077 0.036057692307692304 0.11538461538461539
1 0.6213942307692307 0.44350961538461536 0.03365384615384615 0.0985576923076923
1 0.6610576923076923 0.4411057692307692 0.038461538461538464 0.11538461538461539
2 0.7668269230769231 0.4483173076923077 0.028846153846153848 0.10817307692307693
2 0.7992788461538461 0.45072115384615385 0.028846153846153848 0.11778846153846154
3 0.8930288461538461 0.4567307692307692 0.036057692307692304 0.10096153846153846
3 0.9278846153846154 0.4579326923076923 0.028846153846153848 0.10096153846153846
4 0.05889423076923077 0.6790865384615384 0.03365384615384615 0.08653846153846154
4 0.09615384615384616 0.6802884615384616 0.03365384615384615 0.0889423076923077
5 0.20192307692307693 0.6766826923076923 0.03365384615384615 0.08653846153846154
5 0.23918269230769232 0.6766826923076923 0.03125 0.08653846153846154
6 0.3425480769230769 0.6754807692307693 0.036057692307692304 0.08653846153846154
6 0.38100961538461536 0.6802884615384616 0.028846153846153848 0.09375
7 0.6274038461538461 0.6586538461538461 0.03125 0.08173076923076923
7 0.6622596153846154 0.6610576923076923 0.03125 0.08173076923076923
8 0.7596153846153846 0.6646634615384616 0.03125 0.07451923076923077
8 0.796875 0.6670673076923077 0.02403846153846154 0.08173076923076923
9 0.90625 0.6646634615384616 0.03125 0.07692307692307693
9 0.9375 0.6670673076923077 0.026442307692307692 0.08653846153846154
10 0.0625 0.8713942307692307 0.026442307692307692 0.07692307692307693
10 0.0889423076923077 0.8701923076923077 0.02403846153846154 0.07932692307692307
12 0.20673076923076922 0.8629807692307693 0.028846153846153848 0.06009615384615385
12 0.2403846153846154 0.8653846153846154 0.021634615384615384 0.06490384615384616
13 0.41225961538461536 0.8605769230769231 0.03365384615384615 0.055288461538461536
13 0.44350961538461536 0.8641826923076923 0.026442307692307692 0.07932692307692307
14 0.5492788461538461 0.8605769230769231 0.028846153846153848 0.06971153846153846
14 0.5769230769230769 0.8629807692307693 0.028846153846153848 0.09615384615384616
22 0.7536057692307693 0.8689903846153846 0.028846153846153848 0.11778846153846154
22 0.7884615384615384 0.8689903846153846 0.03365384615384615 0.11778846153846154